firecesium/firecesium/examples/data/grib2json/500wind0.json
{"header": { "discipline":0, "gribEdition":2, "gribLength":76197, "center":7, "subcenter":0, "refTime":"2016-08-28T12:00:00.000Z", "significanceOfRT":1, "productStatus":0, "productType":1, "productDefinitionTemplate":0, "parameterCategory":2, "parameterNumber":3, "parameterUnit":"m.s-1", "genProcessType":2, "forecastTime":0, "surface1Type":100, "surface1Value":50000.0, "surface2Type":255, "surface2Value":0.0, "gridDefinitionTemplate":0, "numberPoints":65160, "shape":6, "gridUnits":"degrees", "resolution":48, "winds":"true", "scanMode":0, "nx":360, "ny":181, "basicAngle":0, "subDivisions":0, "lo1":0.0, "la1":90.0, "lo2":359.0, "la2":-90.0, "dx":1.0, "dy":1.0 }, "data":
[rows 144 to 179 of 181, columns 0 to 80 of 360]
-3.83,-2.33,-1.65,-0.94,0.24,1.5,2.33,2.68,2.8,2.72,2.43,2.5,3.48,5.56,8.32,11.41,14.64,17.67,19.9,21.06,20.77,18.39,14.01,8.87,4.22,0.53,-2.59,-5.48,-8.0,-9.0,-7.82,-5.03,-1.96,0.36,0.89,-0.55,-2.74,-3.62,-3.52,-4.31,-7.63,-12.91,-18.05,-20.16,-19.01,-16.64,-12.84,-10.01,-7.97,-6.04,-2.6,1.62,5.2,6.53,7.06,10.06,15.02,19.5,22.16,22.71,21.88,20.07,18.51,17.79,17.36,16.87,15.8,13.96,12.38,11.59,10.66,9.08,7.48,5.98,4.39,2.22,-0.07,-1.4,-1.19,-0.93,-1.65
-2.95,-2.79,-2.25,-1.13,0.19,1.34,2.04,2.3,2.21,1.96,2.04,2.74,4.38,6.87,10.03,13.26,16.23,18.67,20.22,20.73,19.73,16.52,11.26,5.69,1.42,-1.13,-2.7,-4.7,-6.23,-6.46,-4.98,-2.25,0.53,1.46,-0.1,-3.21,-6.49,-7.71,-6.91,-5.77,-6.18,-10.09,-15.86,-19.51,-21.47,-21.01,-14.75,-10.44,-8.02,-5.5,-2.58,0.69,3.06,4.48,7.43,12.15,17.03,20.55,21.8,21.55,20.36,18.93,18.15,17.56,16.85,15.47,14.02,13.45,12.72,11.63,10.16,8.63,7.14,6.07,5.12,3.28,0.43,-2.82,-3.88,-2.84,-2.25
-4.3,-2.89,-1.36,-0.07,0.9,1.5,1.74,1.87,1.98,2.25,2.96,4.27,6.18,8.56,11.2,13.98,16.49,18.14,18.9,18.95,17.51,13.59,7.63,1.79,-1.8,-2.95,-3.43,-4.45,-5.42,-5.08,-3.13,-1.39,0.17,1.68,0.68,-2.76,-6.97,-9.35,-9.21,-7.86,-7.07,-9.39,-16.36,-21.69,-18.52,-17.24,-15.45,-12.91,-9.58,-6.47,-3.09,-0.06,2.32,5.51,9.89,14.68,18.66,20.52,20.84,20.5,19.48,18.46,17.57,16.29,15.13,14.93,14.82,13.4,11.56,10.24,9.24,8.1,7.17,6.06,5.26,3.79,0.49,-3.39,-5.33,-4.59,-2.99
-1.97,-0.7,0.3,0.87,1.18,1.52,1.88,2.2,2.61,3.31,4.42,6.01,7.95,10.08,12.34,14.41,15.74,16.33,16.69,16.54,14.73,10.19,3.68,-1.87,-3.25,-2.73,-3.2,-4.34,-5.52,-5.7,-5.73,-5.3,-0.41,0.18,-0.69,-1.53,-2.38,-7.37,-9.83,-10.09,-10.96,-12.01,-16.43,-24.18,-16.17,-14.41,-14.78,-12.59,-9.46,-6.14,-2.89,0.16,4.0,8.66,13.11,16.84,18.88,19.43,19.71,19.58,18.72,17.63,16.1,14.71,14.97,15.29,13.51,11.38,10.62,10.75,10.48,9.15,7.6,5.55,4.15,2.55,-0.72,-4.18,-5.5,-4.7,-3.66
-0.32,0.5,1.13,1.54,1.83,2.1,2.55,3.27,4.25,5.43,6.77,8.23,9.77,11.25,12.46,13.29,13.72,13.97,14.14,13.68,11.29,6.21,-0.53,-5.23,-4.41,-2.19,-1.74,-2.61,-3.78,-4.12,-4.0,-4.99,-3.33,1.06,0.72,-3.75,-5.61,-7.85,-10.74,-14.42,-14.35,-13.67,-15.94,-18.45,-17.5,-14.58,-12.34,-10.42,-8.11,-5.15,-1.58,2.91,8.04,12.46,15.59,17.32,17.68,18.11,18.77,18.7,17.71,16.25,14.62,14.46,14.88,13.25,11.08,11.15,12.13,12.2,11.29,9.97,8.01,5.55,2.93,0.23,-2.28,-4.04,-4.47,-4.09,-3.6
1.52,2.35,3.14,3.85,4.44,4.93,5.36,5.83,6.36,6.98,7.67,8.45,9.25,10.02,10.62,10.88,11.04,11.32,11.21,9.98,6.8,1.47,-5.18,-8.75,-6.01,-2.89,-1.73,-1.4,-1.69,-2.11,-3.13,-5.54,-5.89,-3.81,-5.88,-6.69,-7.81,-9.62,-14.1,-11.64,-12.43,-12.85,-14.25,-15.18,-14.59,-13.4,-12.04,-9.79,-6.55,-2.37,2.76,7.87,11.92,14.66,16.11,16.27,16.4,17.35,17.97,17.46,16.05,14.32,13.57,13.69,12.26,10.27,10.94,11.98,11.93,11.29,9.73,7.07,4.83,4.2,3.22,1.28,-0.68,-1.99,-2.75,-2.98,-2.93
6.32,7.2,7.85,8.26,8.47,8.52,8.49,8.42,8.32,8.25,8.15,8.04,7.94,7.85,7.76,7.8,7.98,7.78,6.71,4.82,1.5,-4.03,-10.43,-12.69,-8.82,-5.69,-3.71,-2.7,-2.36,-3.99,-5.31,-7.06,-8.18,-9.25,-8.06,-7.46,-11.46,-13.54,-13.3,-10.09,-11.35,-12.09,-12.54,-12.83,-12.83,-12.01,-9.87,-6.45,-2.06,2.63,7.1,10.93,13.72,15.13,15.2,15.08,15.88,16.84,16.75,15.44,13.67,12.28,12.2,10.99,9.0,9.59,11.05,11.13,10.89,10.0,8.13,6.47,5.36,4.66,3.88,2.76,1.35,-0.08,-1.34,-2.21,-2.58
11.6,12.35,12.85,13.08,12.96,12.52,11.84,11.0,10.05,9.02,7.94,6.88,5.91,5.11,4.5,3.9,3.06,1.77,0.12,-1.65,-4.68,-10.05,-16.08,-17.09,-12.98,-9.93,-7.57,-7.16,-6.8,-7.74,-8.5,-9.92,-10.01,-9.99,-6.89,-9.71,-13.33,-12.9,-11.93,-10.72,-10.7,-11.13,-11.78,-11.68,-10.39,-7.89,-4.54,-1.06,2.58,6.42,9.69,12.23,13.88,14.27,14.26,14.62,15.5,16.04,15.2,13.21,10.91,10.15,10.04,8.05,7.44,9.23,9.99,9.67,9.57,8.93,8.01,7.17,6.33,5.31,3.99,2.52,1.03,-0.34,-1.33,-1.85,-1.99
17.52,18.08,18.23,18.14,17.69,16.66,15.05,13.01,10.84,8.72,6.48,4.13,1.87,-0.14,-1.89,-3.45,-4.91,-6.24,-7.26,-8.28,-11.03,-16.03,-21.29,-21.25,-17.07,-13.99,-12.66,-11.7,-11.69,-10.22,-10.64,-11.24,-11.03,-10.72,-9.39,-9.75,-11.44,-11.47,-11.27,-10.96,-10.72,-10.45,-9.51,-7.48,-4.76,-2.25,0.1,2.92,5.82,8.29,10.47,12.03,12.76,13.16,13.54,14.27,14.92,14.61,12.99,10.64,8.53,8.17,7.71,5.99,5.98,7.48,8.28,8.59,9.18,9.54,9.52,9.29,8.8,7.83,5.63,3.23,1.57,0.04,-1.07,-1.51,-2.75
22.33,23.48,23.69,22.73,20.73,18.16,15.49,12.7,9.76,6.84,3.87,0.66,-2.72,-6.03,-8.98,-11.15,-12.44,-13.01,-13.17,-13.95,-16.59,-21.03,-25.39,-24.88,-20.63,-16.92,-16.2,-15.48,-13.86,-13.04,-11.59,-10.8,-10.66,-10.73,-10.82,-10.87,-10.91,-10.68,-10.21,-9.47,-8.35,-6.7,-4.73,-2.89,-1.06,1.09,3.3,5.37,7.22,8.84,10.06,10.87,11.54,12.14,13.1,14.13,14.25,13.32,11.44,8.7,6.55,6.25,5.83,4.81,5.07,6.44,7.5,8.38,9.45,10.09,10.47,10.48,9.66,8.16,6.27,4.21,2.58,0.56,-0.88,-2.91,-5.25
25.86,25.44,23.79,21.36,19.38,17.28,14.31,10.75,7.06,3.52,0.25,-2.99,-6.25,-9.35,-12.09,-14.15,-15.34,-15.76,-16.21,-17.61,-20.31,-24.18,-27.84,-27.43,-23.56,-19.9,-17.46,-16.47,-15.77,-14.47,-13.15,-12.08,-11.26,-10.7,-10.29,-9.87,-9.37,-8.72,-7.83,-6.72,-5.45,-3.9,-2.04,-0.11,1.67,3.37,5.07,6.56,7.72,8.52,9.23,10.1,10.76,11.56,12.83,13.54,13.23,12.02,9.79,6.67,4.52,4.26,4.17,3.8,4.35,5.75,7.02,7.65,8.66,10.35,11.52,11.28,9.96,8.17,6.17,4.36,3.11,1.49,-0.76,-2.19,-2.73
23.71,22.43,20.15,18.1,16.1,13.7,10.84,7.76,4.75,2.04,-0.25,-2.49,-5.06,-7.73,-10.17,-12.21,-13.84,-15.2,-16.72,-18.77,-21.53,-24.94,-28.24,-28.57,-25.41,-21.93,-19.39,-17.09,-15.24,-14.63,-14.11,-13.12,-12.23,-11.49,-10.74,-9.87,-8.82,-7.68,-6.34,-4.74,-2.99,-1.28,0.28,1.81,3.45,4.97,6.28,7.29,7.89,8.53,9.5,10.38,11.06,12.01,12.97,13.06,12.06,10.55,7.9,4.38,2.3,2.16,2.31,2.31,2.99,4.46,5.53,5.76,7.4,9.95,11.41,11.6,10.77,9.2,7.29,5.72,4.74,4.05,3.42,2.71,1.94
19.06,17.86,16.21,14.38,12.41,10.38,8.35,6.25,4.18,2.3,0.7,-0.86,-2.76,-4.85,-6.92,-8.91,-10.82,-12.75,-14.91,-17.32,-20.01,-23.13,-26.27,-27.54,-25.76,-22.63,-20.06,-18.37,-16.59,-14.2,-12.73,-12.39,-11.78,-10.71,-9.49,-8.34,-7.25,-6.02,-4.79,-3.36,-1.31,0.5,1.49,2.82,4.75,6.23,7.13,7.71,8.34,9.22,10.02,10.64,11.43,12.3,12.33,11.52,10.31,8.44,5.58,2.4,0.45,0.21,0.55,0.77,1.24,2.39,3.49,4.45,6.37,8.65,10.38,11.15,10.71,9.52,8.02,6.69,5.94,5.51,5.04,4.51,3.92
13.81,13.16,12.2,10.92,9.53,8.16,6.69,5.25,3.97,2.76,1.7,0.68,-0.74,-2.57,-4.44,-6.27,-8.17,-10.28,-12.59,-14.91,-17.13,-19.58,-22.27,-24.1,-23.99,-22.23,-19.88,-17.69,-16.26,-15.33,-13.53,-11.5,-10.49,-9.8,-8.62,-7.18,-5.67,-4.09,-2.6,-1.45,-0.69,0.6,2.75,4.59,5.8,6.81,7.73,8.58,9.44,10.4,11.06,11.9,12.68,12.56,11.64,9.66,7.81,6.36,3.35,0.65,-0.69,-0.93,-0.7,-0.36,0.09,0.76,1.8,3.37,5.32,7.23,8.91,9.91,9.8,8.73,7.87,7.99,8.38,8.37,8.0,7.28,6.3
9.79,9.29,8.67,7.95,6.93,5.9,5.14,4.45,3.74,3.16,2.64,1.81,0.58,-0.97,-2.75,-4.51,-6.35,-8.36,-10.4,-12.36,-14.38,-16.28,-18.1,-19.95,-21.25,-21.26,-20.13,-18.54,-16.74,-14.87,-13.5,-11.63,-9.28,-7.94,-7.07,-5.79,-4.67,-4.07,-3.12,-1.57,0.11,1.73,3.3,4.78,6.02,7.43,8.67,9.8,11.04,12.01,12.86,13.07,12.26,10.81,8.85,7.28,5.65,4.16,1.84,0.25,-0.74,-1.14,-0.73,-0.27,0.23,0.8,1.83,2.64,3.96,6.01,6.64,6.88,7.57,8.52,9.91,11.19,11.69,11.31,9.99,8.33,7.05
6.97,6.74,6.25,5.36,4.21,3.32,2.76,2.35,2.17,2.12,1.88,1.4,0.55,-0.62,-1.7,-2.64,-4.07,-6.01,-7.96,-9.81,-11.39,-12.76,-14.27,-16.1,-17.85,-18.67,-18.49,-17.67,-16.48,-15.07,-13.49,-11.76,-9.89,-8.51,-7.72,-7.4,-6.25,-4.65,-3.16,-1.74,-0.09,1.65,3.56,5.23,6.87,8.54,10.11,11.52,12.45,12.58,12.02,10.98,9.82,8.52,7.09,5.56,4.04,2.71,1.89,1.8,1.84,1.62,1.1,0.25,-0.28,-0.64,-0.6,0.36,1.72,3.28,4.96,6.05,7.29,9.27,11.43,12.17,10.98,9.33,8.03,6.23,4.87
4.84,4.35,3.84,3.2,2.38,1.63,1.01,0.31,-0.21,-0.11,0.22,0.06,-0.18,-0.71,-1.54,-1.5,-1.82,-3.17,-4.92,-7.44,-8.95,-9.36,-10.68,-11.88,-12.37,-12.66,-12.7,-12.46,-11.97,-11.23,-10.36,-9.58,-9.02,-8.29,-7.35,-6.41,-5.42,-4.08,-2.81,-1.15,0.29,1.92,3.88,6.14,8.36,10.09,11.16,11.42,10.86,9.79,8.72,7.62,6.11,4.63,3.95,4.19,4.66,4.98,5.05,4.87,4.41,3.75,3.05,1.78,0.03,-1.93,-3.56,-2.7,-0.85,1.15,2.75,4.8,6.94,8.43,8.9,7.31,5.23,4.25,4.95,6.1,5.83
3.1,2.45,1.91,1.44,0.86,0.12,-0.7,-1.41,-1.65,-1.76,-1.61,-1.65,-1.94,-2.06,-2.14,-2.85,-2.85,-2.32,-3.03,-4.84,-6.48,-6.96,-7.36,-8.15,-8.55,-9.21,-9.81,-9.98,-9.81,-9.33,-8.76,-8.16,-7.39,-6.45,-5.53,-4.66,-3.79,-2.75,-1.4,0.3,2.24,4.26,6.07,7.31,7.77,7.69,7.04,5.95,4.63,3.48,2.82,2.89,3.29,3.71,4.16,4.66,5.01,5.06,4.87,4.51,3.9,2.93,1.81,0.56,-1.15,-2.87,-3.37,-2.45,-0.73,1.13,3.06,4.84,6.3,6.49,4.92,3.58,3.12,3.28,3.94,4.5,4.62
1.74,1.03,0.23,-0.27,-0.59,-0.91,-1.59,-2.09,-2.51,-2.42,-2.85,-2.91,-2.37,-3.08,-3.45,-3.46,-3.55,-3.9,-4.26,-4.47,-4.8,-5.11,-5.58,-5.95,-6.4,-6.66,-6.39,-6.27,-6.2,-6.0,-5.72,-5.24,-4.65,-3.85,-2.85,-1.82,-0.6,0.78,2.03,2.95,3.42,3.31,2.69,1.81,0.84,0.19,0.03,0.24,0.58,0.94,1.32,2.02,2.75,3.4,3.96,4.34,4.5,4.46,4.24,3.84,3.22,2.2,0.89,-0.35,-1.2,-1.52,-1.28,-0.47,0.71,1.89,2.87,3.74,3.78,2.59,1.61,1.32,1.6,2.26,2.65,3.01,3.41
-0.05,-0.36,-0.98,-1.35,-1.6,-1.85,-2.05,-2.41,-2.76,-2.83,-2.81,-2.75,-2.79,-2.84,-2.77,-2.5,-2.22,-2.16,-2.24,-2.25,-2.46,-2.48,-2.33,-2.51,-2.78,-2.46,-2.57,-3.11,-3.29,-3.16,-2.84,-2.34,-1.82,-1.47,-1.16,-0.96,-1.18,-1.45,-1.98,-2.6,-3.22,-3.29,-2.99,-2.56,-2.19,-1.8,-1.21,-0.42,0.36,0.99,1.52,2.06,2.62,3.08,3.36,3.45,3.41,3.27,3.02,2.58,2.17,1.67,1.13,0.7,0.45,0.51,0.68,0.93,1.38,2.26,1.81,1.65,0.91,0.43,0.53,0.81,1.37,2.26,2.8,3.3,4.05
-1.41,-1.15,-1.47,-1.84,-2.08,-2.2,-2.26,-2.14,-1.99,-1.96,-1.89,-1.6,-1.17,-0.72,-0.3,0.08,0.44,0.71,0.85,0.84,0.73,0.55,0.31,0.02,-0.29,-0.75,-1.33,-1.77,-1.98,-2.27,-2.8,-3.33,-3.69,-4.4,-5.02,-4.86,-4.54,-4.81,-5.15,-5.06,-4.75,-4.28,-3.66,-2.88,-2.06,-1.33,-0.76,-0.28,0.15,0.54,0.9,1.31,1.79,2.29,2.69,3.0,3.08,3.07,2.99,2.76,2.55,2.3,2.02,1.77,1.47,1.34,1.26,1.1,0.83,0.64,0.51,0.48,0.71,1.07,1.44,1.85,2.33,3.19,4.14,5.13,6.21
-3.63,-3.08,-2.76,-2.66,-2.67,-2.63,-2.49,-2.23,-1.85,-1.36,-0.78,-0.16,0.52,1.21,1.87,2.42,2.81,3.02,3.01,2.74,2.28,1.76,1.12,0.21,-0.76,-1.46,-1.85,-2.28,-3.27,-4.78,-6.02,-6.51,-6.53,-6.33,-6.18,-5.97,-5.68,-5.37,-5.11,-4.79,-4.38,-3.92,-3.51,-3.15,-2.8,-2.39,-1.88,-1.27,-0.54,0.2,0.88,1.36,1.69,1.9,2.05,2.18,2.24,2.15,1.94,1.73,1.61,1.56,1.51,1.46,1.35,1.24,1.22,1.3,1.45,1.71,2.0,2.4,2.87,3.45,4.2,4.92,5.75,6.47,7.32,8.29,9.19
-4.38,-4.3,-4.04,-3.71,-3.36,-2.95,-2.5,-1.97,-1.39,-0.73,-0.08,0.58,1.22,1.81,2.32,2.68,2.88,2.9,2.76,2.34,1.89,1.47,0.84,-0.38,-1.8,-2.65,-2.91,-3.38,-4.36,-5.4,-5.98,-6.17,-6.24,-6.29,-6.32,-6.26,-6.08,-5.81,-5.55,-5.32,-5.09,-4.73,-4.22,-3.56,-2.78,-2.02,-1.39,-0.95,-0.67,-0.5,-0.24,0.04,0.38,0.67,0.83,0.82,0.79,0.77,0.89,1.02,1.02,1.03,1.16,1.49,1.99,2.61,3.2,3.8,4.4,4.93,5.43,5.94,6.45,6.96,7.5,8.08,8.68,9.32,9.84,10.4,10.81
-1.5,-2.08,-2.46,-2.6,-2.59,-2.45,-2.18,-1.82,-1.4,-0.95,-0.47,0.01,0.44,0.79,1.05,1.18,1.22,1.26,1.26,1.17,0.89,0.51,0.18,-0.23,-1.08,-2.46,-3.88,-4.83,-5.15,-5.18,-5.23,-5.38,-5.58,-5.77,-5.92,-6.04,-6.11,-6.1,-5.93,-5.53,-4.89,-4.11,-3.34,-2.72,-2.29,-2.11,-2.06,-2.01,-1.86,-1.55,-1.15,-0.77,-0.54,-0.36,-0.27,-0.15,0.03,0.26,0.51,0.9,1.39,1.99,2.77,3.63,4.58,5.51,6.37,7.09,7.61,7.95,8.12,8.23,8.41,8.67,9.08,9.67,10.22,10.75,11.19,11.47,11.7
0.5,0.56,0.6,0.57,0.5,0.39,0.27,0.15,0.07,0.03,0.04,0.07,0.08,0.08,0.08,0.08,0.09,0.08,0.08,0.04,-0.11,-0.4,-0.7,-0.93,-1.08,-1.4,-1.99,-2.81,-3.8,-4.7,-5.48,-6.12,-6.55,-6.79,-6.81,-6.67,-6.42,-6.09,-5.69,-5.22,-4.67,-4.08,-3.54,-3.18,-2.89,-2.67,-2.48,-2.2,-1.84,-1.41,-1.01,-0.65,-0.33,-0.07,0.2,0.52,0.9,1.34,1.83,2.51,3.26,4.14,5.13,6.15,7.14,8.03,8.74,9.19,9.4,9.48,9.62,9.86,10.34,10.99,11.67,12.26,12.64,12.76,12.7,12.49,12.09
1.14,0.72,0.48,0.43,0.51,0.7,0.94,1.18,1.37,1.48,1.48,1.39,1.23,1.04,0.83,0.65,0.5,0.34,0.16,-0.05,-0.27,-0.55,-0.92,-1.34,-1.69,-1.89,-1.97,-2.06,-2.31,-2.73,-3.25,-3.79,-4.26,-4.63,-4.88,-5.02,-5.07,-5.01,-4.82,-4.51,-4.11,-3.66,-3.21,-2.78,-2.41,-2.09,-1.77,-1.45,-1.06,-0.65,-0.19,0.31,0.83,1.37,1.93,2.45,2.98,3.57,4.16,4.84,5.57,6.36,7.17,7.96,8.63,9.07,9.21,9.11,8.93,8.84,9.01,9.41,9.84,10.06,10.0,9.83,9.62,9.44,9.24,9.08,8.8
4.22,3.66,3.16,2.69,2.19,1.7,1.28,0.95,0.77,0.76,0.89,1.09,1.26,1.37,1.38,1.31,1.21,1.12,1.07,1.02,0.97,0.83,0.56,0.12,-0.41,-0.99,-1.5,-1.9,-2.16,-2.28,-2.32,-2.33,-2.37,-2.48,-2.65,-2.86,-3.03,-3.13,-3.13,-3.04,-2.86,-2.62,-2.33,-1.99,-1.64,-1.26,-0.87,-0.46,-0.06,0.35,0.81,1.3,1.81,2.34,2.88,3.42,3.97,4.53,5.1,5.69,6.32,6.94,7.53,7.99,8.29,8.43,8.52,8.67,8.96,9.35,9.74,10.03,10.18,10.25,10.3,10.37,10.4,10.3,10.05,9.63,9.1
8.5,7.38,6.32,5.39,4.65,4.06,3.59,3.2,2.82,2.42,2.03,1.66,1.34,1.13,1.04,1.07,1.18,1.3,1.42,1.48,1.51,1.5,1.47,1.42,1.34,1.18,0.93,0.59,0.16,-0.32,-0.82,-1.28,-1.6,-1.78,-1.84,-1.82,-1.7,-1.54,-1.35,-1.16,-0.95,-0.74,-0.53,-0.3,-0.06,0.21,0.5,0.8,1.13,1.48,1.84,2.22,2.6,3.0,3.41,3.84,4.28,4.73,5.16,5.57,5.92,6.23,6.5,6.75,7.03,7.31,7.58,7.84,8.07,8.29,8.52,8.79,9.08,9.32,9.46,9.45,9.27,8.97,8.62,8.31,8.09
11.2,10.78,10.3,9.71,9.01,8.18,7.31,6.51,5.8,5.2,4.68,4.22,3.8,3.4,3.0,2.59,2.2,1.86,1.59,1.41,1.34,1.35,1.41,1.51,1.61,1.69,1.75,1.77,1.74,1.68,1.58,1.46,1.31,1.14,0.97,0.81,0.68,0.59,0.53,0.5,0.49,0.54,0.64,0.81,1.04,1.3,1.58,1.85,2.12,2.39,2.67,2.95,3.22,3.47,3.71,3.96,4.22,4.5,4.81,5.14,5.48,5.8,6.12,6.43,6.73,7.03,7.32,7.62,7.9,8.14,8.31,8.41,8.41,8.33,8.16,7.96,7.77,7.62,7.56,7.58,7.68
12.57,11.95,11.35,10.81,10.31,9.86,9.43,9.0,8.56,8.12,7.68,7.24,6.8,6.39,6.0,5.64,5.3,4.97,4.63,4.29,3.94,3.59,3.26,2.95,2.66,2.42,2.23,2.08,1.97,1.91,1.88,1.89,1.91,1.96,2.0,2.05,2.1,2.15,2.21,2.27,2.32,2.38,2.44,2.53,2.64,2.78,2.94,3.12,3.31,3.53,3.76,3.99,4.23,4.46,4.7,4.95,5.18,5.42,5.65,5.89,6.12,6.35,6.57,6.77,6.94,7.08,7.17,7.23,7.28,7.33,7.4,7.51,7.66,7.84,8.05,8.26,8.46,8.65,8.81,8.95,9.06
14.35,13.93,13.48,12.98,12.46,11.93,11.39,10.85,10.33,9.81,9.29,8.8,8.33,7.9,7.52,7.19,6.91,6.67,6.44,6.23,6.03,5.85,5.67,5.5,5.33,5.17,5.02,4.87,4.74,4.61,4.49,4.38,4.29,4.23,4.17,4.13,4.1,4.09,4.09,4.11,4.14,4.18,4.24,4.31,4.41,4.53,4.66,4.8,4.95,5.11,5.28,5.46,5.65,5.84,6.05,6.27,6.5,6.73,6.97,7.23,7.48,7.75,8.01,8.27,8.52,8.77,9.02,9.25,9.45,9.64,9.79,9.9,9.98,10.03,10.04,10.01,9.97,9.9,9.83,9.75,9.65
13.95,13.93,13.86,13.74,13.56,13.33,13.05,12.75,12.42,12.07,11.71,11.35,10.98,10.62,10.26,9.91,9.57,9.23,8.9,8.57,8.26,7.97,7.69,7.44,7.2,6.99,6.79,6.63,6.5,6.39,6.31,6.24,6.2,6.16,6.15,6.15,6.16,6.18,6.22,6.27,6.34,6.42,6.51,6.61,6.71,6.82,6.93,7.04,7.16,7.29,7.43,7.58,7.73,7.88,8.02,8.16,8.29,8.4,8.5,8.59,8.66,8.71,8.74,8.75,8.75,8.73,8.69,8.64,8.58,8.5,8.4,8.3,8.18,8.05,7.92,7.77,7.62,7.45,7.28,7.1,6.91
11.33,11.4,11.49,11.58,11.67,11.77,11.85,11.92,11.97,11.99,11.98,11.94,11.87,11.76,11.61,11.44,11.23,11.01,10.78,10.54,10.3,10.06,9.84,9.61,9.41,9.21,9.04,8.87,8.72,8.58,8.45,8.33,8.23,8.13,8.05,7.97,7.89,7.82,7.76,7.72,7.68,7.66,7.65,7.65,7.67,7.69,7.72,7.76,7.79,7.83,7.86,7.9,7.93,7.96,8.0,8.03,8.06,8.08,8.1,8.11,8.11,8.1,8.08,8.04,7.99,7.92,7.84,7.75,7.65,7.54,7.41,7.28,7.14,6.99,6.83,6.67,6.5,6.33,6.15,5.98,5.81
8.2,8.24,8.3,8.35,8.42,8.49,8.58,8.67,8.78,8.89,9.02,9.16,9.3,9.44,9.58,9.71,9.83,9.95,10.05,10.13,10.19,10.23,10.25,10.25,10.24,10.21,10.16,10.1,10.03,9.94,9.85,9.76,9.66,9.56,9.46,9.36,9.27,9.18,9.09,9.01,8.94,8.87,8.81,8.75,8.68,8.63,8.57,8.52,8.47,8.42,8.37,8.33,8.28,8.24,8.2,8.15,8.11,8.07,8.02,7.98,7.93,7.88,7.84,7.79,7.74,7.69,7.64,7.59,7.54,7.48,7.43,7.38,7.34,7.29,7.24,7.2,7.16,7.13,7.1,7.07,7.05
6.14,6.17,6.2,6.24,6.28,6.33,6.39,6.45,6.51,6.58,6.65,6.72,6.8,6.88,6.97,7.06,7.15,7.25,7.35,7.46,7.56,7.67,7.78,7.9,8.01,8.13,8.24,8.36,8.47,8.59,8.7,8.8,8.9,8.99,9.08,9.16,9.23,9.3,9.37,9.43,9.49,9.54,9.59,9.63,9.67,9.71,9.74,9.75,9.77,9.77,9.78,9.78,9.78,9.77,9.77,9.76,9.74,9.73,9.72,9.7,9.69,9.67,9.66,9.64,9.63,9.61,9.6,9.59,9.58,9.57,9.56,9.55,9.54,9.54,9.53,9.53,9.53,9.52,9.52,9.52,9.52
4.7,4.76,4.81,4.87,4.93,4.98,5.04,5.1,5.16,5.21,5.27,5.34,5.42,5.49,5.57,5.64,5.72,5.8,5.88,5.97,6.05,6.14,6.23,6.32,6.41,6.5,6.59,6.69,6.78,6.88,6.97,7.07,7.17,7.26,7.36,7.46,7.56,7.66,7.76,7.86,7.96,8.06,8.17,8.27,8.37,8.47,8.57,8.67,8.76,8.85,8.94,9.02,9.11,9.2,9.28,9.36,9.43,9.49,9.56,9.62,9.67,9.72,9.77,9.81,9.86,9.89,9.93,9.96,9.99,10.02,10.05,10.07,10.1,10.12,10.13,10.15,10.17,10.18,10.19,10.21,10.22
