firecesium/firecesium/examples/data/grib2json/500wind0.json
{"header": { "discipline":0, "gribEdition":2, "gribLength":74040, "center":7, "subcenter":0, "refTime":"2016-08-28T12:00:00.000Z", "significanceOfRT":1, "productStatus":0, "productType":1, "productDefinitionTemplate":0, "parameterCategory":2, "parameterNumber":2, "parameterUnit":"m.s-1", "genProcessType":2, "forecastTime":0, "surface1Type":100, "surface1Value":50000.0, "surface2Type":255, "surface2Value":0.0, "gridDefinitionTemplate":0, "numberPoints":65160, "shape":6, "gridUnits":"degrees", "resolution":48, "winds":"true", "scanMode":0, "nx":360, "ny":181, "basicAngle":0, "subDivisions":0, "lo1":0.0, "la1":90.0, "lo2":359.0, "la2":-90.0, "dx":1.0, "dy":1.0 }, "data":
[rows 140 to 174 of 181, columns 0 to 77 of 360]
28.97,28.27,27.15,26.16,25.17,24.94,24.85,24.33,23.7,23.76,23.92,23.93,23.59,23.18,22.77,22.49,22.2,21.89,21.75,22.37,23.79,25.79,28.03,30.2,32.16,33.62,33.96,33.07,31.16,28.99,27.85,28.46,30.79,34.13,38.46,43.79,48.98,52.28,52.94,52.13,50.3,47.37,43.63,39.86,36.81,34.91,35.94,36.54,36.4,34.68,32.77,31.44,29.54,26.64,25.76,25.95,25.69,25.13,25.43,26.5,27.49,28.12,27.8,26.55,24.91,23.03,21.13,19.62,19.13,19.11,18.56,17.9,17.14,15.99,14.15,13.32,12.26,11.88
27.62,26.98,26.38,25.72,25.34,25.43,25.27,24.74,24.54,24.63,24.6,24.2,23.42,22.76,22.38,22.21,22.2,22.45,23.09,24.09,25.3,26.6,28.0,29.36,30.47,31.51,32.34,32.35,31.28,29.48,27.36,25.53,24.65,24.88,26.7,30.16,34.74,39.85,44.91,48.37,49.21,47.82,44.51,41.07,38.79,37.92,37.71,38.26,38.75,36.61,32.71,29.02,25.31,23.98,24.16,24.32,24.34,24.83,25.75,26.56,27.14,26.89,25.88,24.36,22.58,21.05,20.38,20.68,21.26,20.74,20.2,19.49,18.68,17.44,16.32,14.2,12.73,11.36
26.12,25.77,25.24,25.03,25.51,26.2,26.23,25.75,25.55,25.41,25.06,24.29,23.55,23.19,23.15,23.24,23.63,24.22,25.0,25.9,26.84,27.7,28.27,28.68,29.03,29.14,29.34,29.7,29.74,28.99,27.76,26.14,24.76,23.99,23.53,23.29,24.0,26.55,30.77,35.37,39.35,41.86,42.29,40.37,37.87,35.17,31.85,29.0,26.85,26.35,25.78,23.99,22.76,22.98,23.58,23.91,24.27,25.02,25.78,26.32,26.17,25.34,23.9,22.02,20.76,20.77,21.61,22.27,22.25,21.77,20.95,19.82,18.86,18.3,17.42,15.92,14.63,13.02
25.41,25.1,25.41,26.32,27.2,27.22,26.77,26.3,26.12,25.89,25.26,24.57,24.34,24.49,24.64,24.84,25.17,25.69,26.26,26.9,27.4,27.55,27.35,26.75,26.14,25.71,25.43,25.56,26.09,26.47,26.34,25.35,24.55,24.23,24.01,23.65,23.13,22.37,22.61,24.69,27.65,30.3,32.26,33.87,33.37,29.39,25.87,24.55,23.91,23.69,23.59,23.17,23.28,23.72,23.76,23.74,24.21,24.88,25.5,25.47,24.79,23.68,21.96,21.0,21.2,21.72,21.83,22.12,21.59,20.04,18.75,18.22,18.04,18.16,17.78,17.13,15.89,14.42
25.71,25.75,26.18,26.8,26.94,26.73,26.57,26.47,26.22,25.73,25.24,25.24,25.62,25.92,26.15,26.32,26.62,26.97,27.17,27.11,26.73,25.92,24.76,23.32,21.85,20.81,20.46,20.61,21.14,22.17,23.26,24.25,25.35,26.27,26.52,25.7,24.32,22.94,21.35,20.53,21.66,23.54,24.76,25.13,26.28,25.37,23.88,23.64,22.95,23.01,23.78,24.65,24.79,23.54,22.76,22.91,23.51,24.12,24.19,23.7,22.89,21.95,21.06,20.82,20.8,20.66,20.19,18.9,17.88,17.99,17.83,17.22,16.56,16.08,16.41,16.98,16.8,16.03
25.4,25.13,25.4,25.77,26.13,26.27,26.16,25.91,25.66,25.5,25.73,26.29,26.87,27.22,27.56,27.87,28.13,27.94,27.23,26.25,25.05,23.54,21.67,19.58,17.55,16.11,15.44,15.36,16.14,17.85,19.8,22.02,23.89,25.0,25.29,24.81,23.44,21.98,20.96,19.5,18.87,19.98,21.02,22.03,24.16,23.55,23.18,23.11,23.64,23.58,23.9,24.09,22.35,20.92,21.08,21.8,22.49,22.66,22.26,21.68,21.12,20.48,19.93,19.44,18.81,17.51,16.47,16.78,17.35,16.98,16.2,15.54,15.3,15.07,14.73,15.04,15.51,15.65
22.94,23.79,24.45,24.98,25.27,25.36,25.47,25.6,25.75,26.12,26.72,27.39,28.09,28.86,29.37,29.4,28.89,27.94,26.65,25.16,23.5,21.52,19.25,16.89,15.08,13.88,13.43,13.47,14.23,15.09,15.4,13.71,11.36,11.51,13.13,15.68,18.09,19.04,19.39,18.71,17.51,16.59,15.91,12.77,15.02,17.75,20.25,21.95,21.63,20.94,20.95,19.86,18.83,19.21,20.2,21.02,21.47,21.37,20.81,20.26,19.75,19.08,18.33,17.22,16.26,15.61,15.93,16.2,15.46,14.48,13.97,13.95,14.29,14.85,14.73,14.26,14.19,14.07
21.85,22.79,23.55,24.2,24.9,25.4,25.63,25.88,26.33,27.06,28.07,29.24,30.25,30.84,30.96,30.53,29.36,27.8,26.24,24.6,22.71,20.38,17.74,15.36,14.0,13.53,13.66,13.9,13.93,14.43,14.21,13.64,12.52,12.71,14.64,13.92,12.41,13.55,14.3,13.28,9.58,6.22,8.92,12.66,10.5,10.8,12.95,14.65,16.26,17.68,17.2,16.53,17.43,18.73,19.64,20.55,20.87,20.43,19.77,19.35,18.55,17.59,16.4,15.58,15.38,15.05,14.52,12.76,11.98,12.62,13.39,14.22,14.94,14.78,14.8,13.68,12.23,11.18
21.58,22.5,22.95,23.23,23.76,24.71,26.09,27.74,29.44,30.98,32.23,33.11,33.62,33.6,32.95,31.74,30.04,28.07,26.22,24.49,22.29,19.63,16.58,14.01,12.91,12.69,12.76,12.64,13.42,14.33,14.7,15.3,15.52,14.3,11.9,10.19,7.94,6.66,5.92,3.2,3.37,4.44,4.39,5.99,9.46,11.1,12.2,13.71,14.13,13.37,13.92,15.73,17.1,18.11,19.49,20.14,19.76,19.11,18.66,18.1,16.93,15.61,14.36,13.91,13.36,11.81,9.76,9.77,10.97,10.96,10.8,10.36,9.44,8.64,8.31,7.92,7.51,7.52
18.71,20.92,23.33,25.73,28.02,30.15,32.12,33.88,35.36,36.49,37.18,37.4,37.1,36.23,34.75,32.8,30.75,28.64,26.67,24.43,21.37,18.59,15.05,12.37,10.8,10.21,10.09,9.53,10.43,11.71,11.96,11.43,11.39,9.62,4.54,3.05,3.1,1.46,-0.16,0.77,1.14,0.66,1.1,3.65,6.39,8.46,9.25,8.92,9.62,11.95,14.08,15.55,16.85,18.19,18.78,18.37,17.8,17.29,16.93,15.93,14.53,12.98,11.72,10.71,9.07,7.1,7.25,7.9,7.7,7.27,6.27,4.77,3.46,2.39,2.24,3.37,4.8,6.05
23.12,25.77,28.37,30.86,33.16,35.28,37.14,38.71,39.9,40.64,40.79,40.33,39.3,37.76,35.83,33.77,31.72,29.21,26.48,23.46,19.66,16.51,12.87,10.45,7.94,7.42,6.87,4.92,3.27,2.06,2.12,2.31,1.96,1.08,1.32,1.85,-0.91,-1.73,0.71,0.59,0.39,1.55,2.33,3.32,3.83,4.19,5.52,8.04,10.83,13.18,14.8,16.08,17.08,17.28,16.54,15.86,15.7,15.37,14.5,13.11,11.71,10.13,8.75,7.17,5.44,4.98,5.13,4.79,4.31,3.42,3.04,3.33,4.26,5.32,5.9,6.08,6.11,6.15
26.79,29.5,32.09,34.53,36.73,38.59,40.19,41.57,42.68,43.41,43.68,43.36,42.33,40.61,38.18,34.98,31.35,27.55,24.09,20.61,16.69,13.43,10.22,8.37,5.68,5.24,3.86,0.94,-0.05,-0.43,-1.51,-2.07,-1.76,-2.0,-1.81,-3.12,-2.28,-0.48,0.77,0.6,0.42,0.69,0.96,1.56,3.14,5.67,8.42,11.16,13.47,14.95,15.87,16.4,16.34,15.46,14.31,13.78,13.7,13.29,11.92,10.63,9.21,8.17,6.51,4.95,4.23,3.62,3.49,2.88,2.3,2.48,2.79,3.55,4.49,5.51,6.11,6.22,6.19,6.2
29.11,31.29,33.44,35.88,38.5,40.84,42.59,43.63,43.98,43.73,42.96,41.65,39.71,37.05,33.71,29.87,25.88,22.21,19.15,15.97,12.64,9.86,7.52,6.37,4.17,3.61,2.03,1.5,-1.03,-0.63,-1.13,-1.49,-1.7,-1.83,-1.25,-1.68,-1.46,-0.71,-0.15,0.38,1.01,1.94,3.48,5.57,7.68,9.85,12.19,14.18,15.56,16.25,16.26,15.77,14.98,13.91,12.87,12.37,12.24,11.52,10.15,9.02,7.82,6.92,5.7,4.82,4.36,3.98,3.78,2.83,2.67,2.49,2.21,2.36,2.67,3.21,3.96,4.74,5.28,5.43
27.24,29.36,30.95,31.7,31.8,31.57,31.47,31.41,30.94,29.81,28.09,25.96,23.69,21.56,19.62,17.75,15.86,14.21,12.49,10.48,8.38,6.59,5.27,4.77,2.86,1.83,1.83,1.41,1.31,-0.27,-0.47,-0.48,-0.65,-0.52,-0.17,0.11,0.29,0.55,1.27,2.54,4.18,5.88,7.5,9.18,11.11,13.03,14.71,15.88,16.31,16.08,15.35,14.52,13.76,13.09,12.4,11.86,11.48,10.54,9.53,8.54,7.58,6.72,5.75,5.1,4.91,5.1,4.91,3.72,2.75,2.15,2.01,2.11,2.16,1.85,1.41,1.6,1.29,0.44
21.03,20.11,18.8,17.11,15.72,14.41,12.71,10.88,9.17,7.68,6.55,5.93,5.76,5.83,6.07,6.35,6.57,6.59,6.28,5.66,4.82,4.26,3.86,3.87,2.47,0.18,0.72,1.6,1.45,1.89,1.98,1.44,1.26,1.44,1.73,2.22,2.8,3.49,4.42,5.62,7.09,8.69,10.29,11.84,13.38,14.73,15.52,15.68,15.35,14.73,14.25,13.82,13.34,12.91,12.51,12.17,11.66,10.78,9.79,8.81,7.89,7.01,6.12,5.42,5.32,5.63,4.53,2.66,1.65,1.18,1.39,1.51,1.44,1.69,1.97,2.16,3.01,4.12
10.45,8.14,5.76,3.35,0.83,-1.59,-3.67,-5.38,-6.6,-7.19,-7.17,-6.51,-5.34,-3.9,-2.38,-0.9,0.36,1.31,1.93,2.17,2.44,2.94,3.28,3.71,3.26,1.12,-0.03,0.71,1.61,1.43,1.9,3.06,3.32,3.36,3.81,4.43,5.31,6.42,7.68,8.99,10.34,11.67,12.76,13.74,14.48,14.77,14.84,14.46,14.09,14.14,14.29,14.25,14.05,13.65,13.41,12.93,12.22,11.41,10.15,9.16,8.45,7.62,6.62,5.66,5.45,5.43,4.26,3.14,2.14,1.65,1.5,0.74,0.33,0.59,0.82,0.92,1.23,1.71
2.57,-0.1,-2.72,-5.19,-7.39,-9.39,-10.9,-11.93,-12.51,-12.52,-12.01,-11.13,-9.97,-8.53,-6.92,-5.29,-3.75,-2.4,-1.34,-0.47,0.6,1.9,2.96,3.83,4.32,3.81,2.72,1.97,2.45,3.83,4.06,4.15,5.4,6.53,7.29,8.04,9.0,10.25,11.52,12.89,13.34,12.8,13.34,14.54,14.64,14.28,14.04,13.97,14.34,14.88,15.1,15.11,14.98,14.73,14.23,13.3,12.51,11.52,9.98,9.14,8.67,8.2,7.64,6.84,6.37,5.6,4.16,3.73,3.82,3.6,3.34,2.92,2.45,2.42,2.47,2.08,1.85,2.21
-0.82,-3.09,-5.18,-7.05,-8.7,-10.07,-11.13,-11.89,-12.22,-12.14,-11.9,-11.38,-10.53,-9.66,-8.82,-7.8,-6.71,-5.58,-4.36,-3.11,-1.75,-0.13,1.6,3.21,4.42,4.98,5.2,5.45,5.4,5.4,6.6,8.63,9.92,10.72,11.28,12.14,13.19,13.67,13.61,13.41,13.66,14.4,14.53,14.29,14.29,14.19,14.23,14.79,15.29,15.38,15.43,15.64,15.57,15.21,14.33,12.81,11.72,11.25,10.04,9.7,9.62,9.37,9.27,9.13,8.88,8.56,7.81,7.18,6.92,6.27,5.35,4.38,4.01,4.16,3.5,2.71,3.12,4.28
-1.91,-3.4,-5.04,-6.49,-7.68,-8.89,-9.92,-10.75,-11.17,-11.3,-11.42,-11.4,-11.12,-10.61,-10.12,-9.52,-8.59,-7.66,-6.62,-5.24,-3.87,-2.59,-0.86,1.31,3.35,5.09,6.46,7.72,9.01,9.54,10.2,11.6,12.44,12.95,13.5,13.65,13.75,14.41,15.01,15.15,15.07,14.8,14.55,14.7,14.78,14.76,14.85,15.19,15.17,15.51,15.7,15.48,14.5,13.2,11.78,10.85,10.16,9.59,8.86,9.21,9.58,10.13,10.55,10.73,10.6,10.59,10.42,9.16,8.46,7.43,5.04,4.14,3.54,2.91,3.09,3.86,4.43,4.69
-2.3,-3.24,-4.52,-5.71,-7.01,-8.55,-9.49,-10.05,-10.61,-10.86,-11.0,-11.15,-11.26,-11.53,-11.76,-11.31,-10.08,-8.77,-7.58,-6.5,-5.41,-4.06,-2.45,-0.81,0.85,2.68,4.6,6.32,7.79,9.27,10.72,11.87,12.42,12.31,12.7,13.1,13.86,14.1,14.23,14.22,14.22,14.56,14.93,15.22,15.32,15.3,15.56,15.85,15.87,15.38,14.48,13.04,11.61,10.22,9.1,8.11,6.92,6.16,6.56,7.95,9.44,10.69,11.36,11.74,11.77,10.7,9.02,7.68,5.3,4.37,3.91,3.15,2.81,2.57,2.17,1.73,0.43,-1.78
-3.04,-3.74,-4.49,-5.53,-6.69,-7.67,-8.07,-8.4,-9.4,-10.42,-10.63,-10.66,-11.01,-10.92,-11.92,-12.77,-11.1,-10.1,-8.99,-7.89,-8.09,-6.94,-4.92,-3.61,-2.08,-0.37,1.22,2.78,4.15,5.23,6.08,6.95,8.1,9.1,9.69,9.97,10.44,11.54,12.18,12.89,13.61,14.39,15.27,16.13,16.92,17.16,16.76,15.64,14.0,12.21,10.53,8.46,5.81,3.43,2.13,2.19,2.81,3.41,3.75,3.77,3.58,3.47,3.5,3.43,3.48,2.91,2.73,2.53,1.22,1.27,1.08,0.8,0.68,0.14,-0.4,-2.1,-4.07,-5.62
-3.29,-3.95,-4.74,-5.34,-5.91,-6.57,-6.95,-7.45,-7.81,-8.35,-9.05,-9.16,-9.6,-10.09,-10.47,-10.85,-11.46,-11.09,-9.17,-8.97,-10.38,-10.19,-8.43,-7.24,-5.83,-4.09,-2.61,-1.82,-0.41,0.97,2.21,3.5,4.85,6.12,7.28,8.48,9.77,11.15,12.56,13.99,15.35,16.44,16.99,16.84,15.91,14.29,11.75,8.59,5.17,2.07,-0.04,-0.79,-0.92,-0.98,-1.21,-1.48,-1.78,-2.04,-2.28,-2.4,-2.54,-2.8,-3.27,-3.82,-4.06,-3.46,-2.43,-1.4,-0.48,-0.18,-0.15,-0.39,-1.32,-1.99,-3.63,-5.33,-6.08,-7.46
-3.1,-3.88,-4.44,-5.37,-6.13,-6.18,-6.61,-6.79,-7.06,-6.68,-7.14,-7.83,-7.42,-7.6,-7.93,-8.66,-8.93,-8.19,-7.76,-7.71,-7.43,-6.82,-5.91,-4.95,-3.79,-2.59,-1.43,-0.14,1.15,2.44,3.93,5.55,7.08,8.76,10.45,11.89,13.31,14.4,15.11,15.03,14.0,12.05,9.41,6.42,3.31,0.77,-0.79,-1.49,-1.8,-2.05,-2.58,-3.06,-3.37,-3.61,-3.88,-4.22,-4.62,-5.04,-5.44,-5.71,-5.93,-5.88,-5.5,-4.97,-4.32,-3.62,-2.77,-1.95,-1.57,-1.17,-1.26,-1.91,-2.47,-3.7,-4.76,-5.06,-6.0,-6.88
-4.5,-4.94,-5.42,-5.83,-6.3,-6.93,-7.25,-7.43,-7.67,-7.61,-7.56,-7.69,-7.71,-7.49,-7.48,-7.35,-6.73,-5.9,-5.14,-4.23,-3.26,-2.19,-1.14,-0.1,1.05,2.24,3.42,4.41,5.75,6.99,7.9,8.64,9.03,9.37,9.17,8.48,7.19,5.52,3.55,1.81,-0.11,-1.48,-2.29,-2.65,-2.72,-2.69,-2.76,-2.9,-3.04,-3.07,-2.97,-2.84,-2.83,-2.96,-3.23,-3.58,-3.96,-4.29,-4.53,-4.68,-4.78,-4.75,-4.47,-4.02,-3.5,-2.96,-2.17,-1.94,-2.63,-1.65,-2.81,-3.15,-3.77,-4.5,-4.45,-4.57,-5.56,-5.43
-4.28,-4.66,-5.02,-5.61,-6.16,-6.52,-6.68,-6.62,-6.47,-6.49,-6.69,-6.68,-6.3,-5.8,-5.34,-4.87,-4.28,-3.56,-2.78,-1.97,-1.19,-0.45,0.19,0.7,1.14,1.52,1.8,1.92,1.82,1.48,0.81,-0.18,-0.81,-1.26,-2.49,-3.83,-3.96,-3.59,-3.71,-3.97,-4.13,-4.01,-3.71,-3.37,-3.15,-3.08,-3.14,-3.31,-3.57,-3.88,-4.18,-4.4,-4.51,-4.48,-4.43,-4.33,-4.37,-4.4,-4.38,-4.44,-4.42,-4.43,-4.4,-4.29,-4.28,-4.28,-4.8,-4.93,-4.98,-5.22,-5.26,-5.3,-5.28,-4.92,-4.31,-4.07,-4.2,-3.76
-2.69,-3.12,-3.52,-3.79,-3.89,-3.91,-3.88,-3.83,-3.77,-3.69,-3.59,-3.48,-3.35,-3.18,-2.97,-2.73,-2.49,-2.26,-2.04,-1.87,-1.75,-1.67,-1.59,-1.66,-2.05,-2.63,-2.94,-2.73,-2.23,-2.32,-3.26,-4.15,-4.86,-4.93,-4.85,-4.73,-4.48,-4.14,-3.81,-3.63,-3.57,-3.57,-3.65,-3.86,-4.13,-4.35,-4.41,-4.25,-3.98,-3.75,-3.61,-3.66,-3.93,-4.38,-4.84,-5.26,-5.68,-6.05,-6.36,-6.73,-7.17,-7.51,-7.76,-7.84,-7.74,-7.63,-7.44,-7.08,-6.57,-6.02,-5.35,-4.65,-3.82,-2.78,-1.7,-0.8,-0.11,0.57
-0.57,-0.27,-0.12,-0.09,-0.13,-0.16,-0.12,-0.04,0.1,0.19,0.28,0.33,0.34,0.32,0.22,0.07,-0.11,-0.36,-0.65,-0.96,-1.23,-1.47,-1.56,-1.64,-2.01,-2.49,-2.44,-1.87,-1.36,-1.36,-1.68,-2.02,-2.23,-2.37,-2.53,-2.7,-2.8,-2.8,-2.73,-2.73,-2.82,-2.88,-2.82,-2.62,-2.33,-2.06,-1.92,-1.98,-2.25,-2.61,-2.96,-3.31,-3.63,-3.89,-4.06,-4.22,-4.44,-4.85,-5.14,-5.11,-4.85,-4.51,-4.17,-3.8,-3.45,-2.97,-2.36,-1.62,-0.8,-0.08,0.6,1.25,1.83,2.31,2.74,3.14,3.47,3.71
-1.83,-0.87,0.03,0.77,1.41,1.95,2.38,2.69,2.87,2.96,2.97,2.9,2.75,2.51,2.27,1.96,1.63,1.27,0.86,0.51,0.24,-0.05,-0.45,-0.73,-0.68,-0.49,-0.49,-0.68,-0.72,-0.4,-0.01,0.24,0.33,0.32,0.31,0.28,0.22,0.14,0.12,0.2,0.39,0.62,0.81,0.91,0.9,0.77,0.58,0.36,0.18,0.05,-0.06,-0.19,-0.31,-0.39,-0.42,-0.38,-0.27,-0.09,0.17,0.46,0.74,1.04,1.32,1.73,2.18,2.6,3.05,3.42,3.73,3.98,4.14,4.19,4.18,4.12,4.04,4.06,4.06,4.05
-1.9,-1.95,-1.9,-1.68,-1.34,-0.9,-0.39,0.12,0.59,1.0,1.34,1.6,1.8,1.94,2.05,2.1,2.11,2.03,1.92,1.78,1.59,1.4,1.23,1.05,0.81,0.61,0.63,0.98,1.55,2.01,2.29,2.38,2.41,2.48,2.62,2.83,3.11,3.42,3.71,3.92,4.04,4.07,4.02,3.93,3.87,3.83,3.82,3.83,3.84,3.81,3.77,3.74,3.73,3.78,3.89,4.07,4.27,4.5,4.76,4.97,5.18,5.34,5.47,5.52,5.59,5.71,5.74,5.62,5.4,5.15,4.95,4.72,4.66,4.66,4.59,4.5,4.38,4.17
0.19,0.56,0.79,0.87,0.8,0.64,0.43,0.24,0.11,0.07,0.12,0.26,0.43,0.59,0.76,0.93,1.12,1.32,1.52,1.73,1.97,2.19,2.35,2.43,2.47,2.48,2.45,2.39,2.37,2.45,2.7,3.14,3.71,4.3,4.82,5.24,5.58,5.87,6.12,6.32,6.49,6.6,6.67,6.74,6.81,6.89,6.97,7.05,7.14,7.2,7.26,7.33,7.41,7.52,7.63,7.76,7.87,7.93,8.0,8.03,8.03,7.93,7.77,7.53,7.25,6.88,6.52,5.95,5.46,5.09,4.75,4.44,4.13,3.75,3.29,2.77,2.18,1.8
-1.06,-0.73,-0.4,-0.02,0.42,0.85,1.22,1.53,1.69,1.68,1.57,1.37,1.19,1.06,1.01,1.04,1.13,1.24,1.34,1.45,1.59,1.78,2.06,2.41,2.83,3.28,3.69,4.01,4.21,4.32,4.38,4.45,4.56,4.73,4.98,5.31,5.72,6.16,6.59,6.98,7.33,7.66,7.97,8.24,8.46,8.63,8.77,8.87,8.98,9.09,9.21,9.31,9.37,9.39,9.38,9.36,9.32,9.26,9.16,9.04,8.9,8.68,8.37,7.98,7.49,6.98,6.53,6.15,5.86,5.61,5.31,4.94,4.46,3.94,3.48,3.13,2.8,2.4
-2.93,-2.25,-1.57,-0.95,-0.48,-0.14,0.12,0.33,0.56,0.81,1.07,1.32,1.55,1.7,1.78,1.75,1.67,1.58,1.5,1.49,1.49,1.54,1.63,1.71,1.82,1.99,2.24,2.59,3.04,3.58,4.19,4.79,5.32,5.74,6.07,6.28,6.43,6.55,6.69,6.82,6.96,7.1,7.26,7.46,7.66,7.85,8.01,8.16,8.31,8.46,8.56,8.63,8.68,8.74,8.8,8.86,8.9,8.9,8.82,8.65,8.39,8.06,7.71,7.38,7.1,6.86,6.64,6.4,6.16,5.9,5.64,5.38,5.14,4.88,4.55,4.19,3.84,3.5
-3.44,-3.44,-3.41,-3.3,-3.09,-2.76,-2.33,-1.87,-1.4,-0.97,-0.58,-0.22,0.14,0.49,0.83,1.18,1.51,1.81,2.05,2.23,2.33,2.35,2.3,2.23,2.14,2.04,1.96,1.92,1.92,1.97,2.07,2.22,2.43,2.69,3.01,3.37,3.76,4.17,4.59,4.98,5.35,5.71,6.08,6.43,6.73,6.97,7.13,7.24,7.32,7.37,7.4,7.41,7.38,7.34,7.31,7.31,7.34,7.38,7.41,7.42,7.41,7.36,7.31,7.25,7.18,7.12,7.06,6.98,6.87,6.73,6.54,6.28,5.96,5.58,5.17,4.78,4.45,4.2
-1.54,-1.54,-1.54,-1.53,-1.54,-1.56,-1.59,-1.61,-1.61,-1.57,-1.5,-1.4,-1.25,-1.08,-0.89,-0.69,-0.46,-0.22,0.04,0.33,0.66,1.01,1.38,1.77,2.15,2.53,2.86,3.16,3.43,3.64,3.83,3.98,4.09,4.18,4.25,4.31,4.36,4.43,4.51,4.59,4.7,4.84,5.01,5.21,5.42,5.64,5.86,6.06,6.26,6.44,6.61,6.77,6.92,7.05,7.18,7.3,7.41,7.5,7.58,7.63,7.65,7.63,7.57,7.46,7.31,7.12,6.9,6.67,6.47,6.32,6.25,6.23,6.25,6.3,6.34,6.38,6.42,6.44
1.16,1.02,0.89,0.77,0.68,0.61,0.57,0.57,0.59,0.64,0.72,0.8,0.9,0.99,1.08,1.16,1.22,1.28,1.33,1.38,1.43,1.47,1.53,1.59,1.67,1.75,1.84,1.94,2.05,2.17,2.3,2.45,2.61,2.77,2.95,3.13,3.29,3.45,3.63,3.82,4.02,4.21,4.4,4.58,4.78,4.97,5.16,5.36,5.56,5.76,5.96,6.17,6.38,6.6,6.81,7.02,7.24,7.45,7.66,7.86,8.05,8.23,8.4,8.54,8.65,8.74,8.79,8.82,8.82,8.78,8.7,8.59,8.44,8.25,8.04,7.82,7.58,7.33
