firecesium/firecesium/examples/data/grib2json/500wind0.json
{"header": { "discipline":0, "gribEdition":2, "gribLength":74040, "center":7, "subcenter":0, "refTime":"2016-08-28T12:00:00.000Z", "significanceOfRT":1, "productStatus":0, "productType":1, "productDefinitionTemplate":0, "parameterCategory":2, "parameterNumber":2, "parameterUnit":"m.s-1", "genProcessType":2, "forecastTime":0, "surface1Type":100, "surface1Value":50000.0, "surface2Type":255, "surface2Value":0.0, "gridDefinitionTemplate":0, "numberPoints":65160, "shape":6, "gridUnits":"degrees", "resolution":48, "winds":"true", "scanMode":0, "nx":360, "ny":181, "basicAngle":0, "subDivisions":0, "lo1":0.0, "la1":90.0, "lo2":359.0, "la2":-90.0, "dx":1.0, "dy":1.0 }, "data":
[rows 0 to 34 of 181, columns 156 to 233 of 360]
-6.12,-5.95,-5.78,-5.62,-5.44,-5.27,-5.1,-4.92,-4.74,-4.56,-4.38,-4.2,-4.02,-3.83,-3.65,-3.46,-3.27,-3.09,-2.9,-2.71,-2.51,-2.32,-2.13,-1.94,-1.74,-1.55,-1.35,-1.16,-0.96,-0.77,-0.57,-0.37,-0.18,0.02,0.22,0.41,0.61,0.81,1.0,1.2,1.39,1.59,1.78,1.98,2.17,2.36,2.55,2.74,2.93,3.12,3.31,3.5,3.69,3.87,4.05,4.24,4.42,4.6,4.78,4.96,5.13,5.31,5.48,5.65,5.82,5.99,6.15,6.31,6.48,6.64,6.79,6.95,7.1,7.26,7.4,7.55,7.7,7.84
-4.75,-4.66,-4.58,-4.5,-4.42,-4.35,-4.27,-4.19,-4.12,-4.04,-3.97,-3.9,-3.82,-3.75,-3.68,-3.61,-3.53,-3.46,-3.38,-3.3,-3.22,-3.13,-3.04,-2.95,-2.85,-2.74,-2.63,-2.51,-2.38,-2.25,-2.1,-1.95,-1.79,-1.61,-1.42,-1.23,-1.02,-0.79,-0.56,-0.32,-0.06,0.21,0.49,0.79,1.09,1.41,1.74,2.08,2.43,2.79,3.15,3.53,3.92,4.31,4.71,5.11,5.53,5.95,6.37,6.8,7.23,7.66,8.1,8.54,8.98,9.42,9.86,10.3,10.75,11.19,11.63,12.07,12.51,12.94,13.38,13.81,14.23,14.66
-2.68,-2.6,-2.54,-2.49,-2.46,-2.43,-2.41,-2.39,-2.38,-2.37,-2.37,-2.37,-2.38,-2.41,-2.44,-2.48,-2.54,-2.6,-2.68,-2.76,-2.86,-2.96,-3.06,-3.16,-3.26,-3.34,-3.4,-3.44,-3.45,-3.42,-3.35,-3.25,-3.1,-2.91,-2.69,-2.43,-2.14,-1.82,-1.49,-1.14,-0.78,-0.42,-0.05,0.32,0.69,1.05,1.41,1.76,2.11,2.45,2.79,3.13,3.48,3.82,4.17,4.52,4.89,5.26,5.65,6.06,6.48,6.92,7.38,7.85,8.33,8.83,9.35,9.87,10.39,10.92,11.46,12.0,12.53,13.07,13.6,14.12,14.64,15.15
1.04,1.11,1.16,1.19,1.19,1.14,1.04,0.93,0.8,0.68,0.56,0.45,0.36,0.29,0.24,0.19,0.15,0.09,0.01,-0.09,-0.23,-0.41,-0.62,-0.87,-1.16,-1.46,-1.77,-2.06,-2.33,-2.57,-2.76,-2.91,-3.0,-3.06,-3.09,-3.12,-3.14,-3.17,-3.24,-3.33,-3.39,-3.39,-3.3,-3.13,-2.91,-2.66,-2.36,-2.02,-1.68,-1.37,-1.08,-0.81,-0.53,-0.22,0.11,0.46,0.84,1.28,1.77,2.34,2.98,3.7,4.48,5.3,6.15,7.0,7.84,8.65,9.42,10.15,10.84,11.48,12.1,12.69,13.27,13.85,14.43,15.0
3.46,3.54,3.65,3.76,3.85,3.91,3.92,3.89,3.83,3.75,3.66,3.58,3.52,3.47,3.46,3.47,3.49,3.53,3.59,3.65,3.71,3.76,3.79,3.78,3.74,3.64,3.48,3.25,2.94,2.56,2.13,1.65,1.16,0.68,0.22,-0.19,-0.56,-0.88,-1.18,-1.45,-1.71,-1.94,-2.16,-2.29,-2.3,-2.16,-1.89,-1.49,-0.99,-0.44,0.11,0.67,1.22,1.75,2.24,2.72,3.21,3.71,4.26,4.87,5.56,6.31,7.11,7.93,8.76,9.58,10.39,11.18,11.94,12.68,13.4,14.11,14.82,15.52,16.21,16.89,17.56,18.21
7.16,6.89,6.64,6.43,6.24,6.09,5.97,5.9,5.86,5.87,5.92,5.99,6.08,6.19,6.33,6.47,6.62,6.78,6.93,7.08,7.22,7.35,7.48,7.61,7.75,7.89,8.04,8.19,8.34,8.47,8.57,8.62,8.61,8.53,8.38,8.18,7.94,7.68,7.43,7.22,7.07,7.0,7.02,7.13,7.33,7.63,8.01,8.47,8.99,9.56,10.18,10.84,11.54,12.27,13.02,13.78,14.54,15.29,16.01,16.7,17.38,18.03,18.68,19.32,19.97,20.63,21.31,22.0,22.7,23.4,24.12,24.84,25.57,26.31,27.06,27.83,28.61,29.41
12.13,12.19,12.19,12.15,12.05,11.88,11.62,11.26,10.82,10.32,9.81,9.35,8.99,8.78,8.71,8.73,8.81,8.94,9.07,9.21,9.36,9.53,9.74,9.98,10.25,10.56,10.88,11.22,11.56,11.9,12.25,12.6,12.94,13.28,13.62,13.94,14.26,14.55,14.83,15.09,15.34,15.59,15.86,16.18,16.57,17.02,17.55,18.14,18.77,19.43,20.08,20.73,21.36,21.98,22.58,23.17,23.77,24.37,24.99,25.63,26.29,26.97,27.66,28.38,29.15,29.98,30.9,31.94,33.12,34.43,35.86,37.36,38.88,40.36,41.74,42.92,43.85,44.52
13.82,14.1,14.34,14.55,14.72,14.88,15.02,15.12,15.16,15.12,14.99,14.8,14.53,14.21,13.85,13.48,13.13,12.83,12.58,12.41,12.3,12.25,12.26,12.32,12.43,12.58,12.79,13.07,13.43,13.86,14.35,14.85,15.37,15.88,16.39,16.93,17.49,18.08,18.69,19.33,19.96,20.6,21.22,21.83,22.43,23.02,23.62,24.2,24.76,25.28,25.75,26.18,26.61,27.09,27.64,28.29,28.99,29.72,30.47,31.27,32.21,33.39,34.9,36.75,38.87,41.1,43.23,45.04,46.37,47.09,47.2,46.77,45.94,44.9,43.82,42.83,42.03,41.45
14.01,14.15,14.27,14.37,14.44,14.49,14.51,14.49,14.43,14.36,14.29,14.23,14.22,14.26,14.35,14.48,14.63,14.76,14.89,15.01,15.16,15.38,15.68,16.04,16.41,16.77,17.1,17.43,17.77,18.1,18.39,18.65,18.87,19.12,19.43,19.84,20.35,20.92,21.5,22.08,22.65,23.23,23.83,24.46,25.07,25.62,26.08,26.46,26.82,27.24,27.78,28.44,29.19,29.99,30.87,31.95,33.41,35.32,37.63,40.07,42.3,43.94,44.79,44.83,44.24,43.3,42.26,41.33,40.58,40.01,39.6,39.34,39.23,39.23,39.27,39.25,39.09,38.81
11.7,11.62,11.51,11.37,11.23,11.11,11.03,11.0,11.02,11.09,11.22,11.41,11.68,12.01,12.4,12.83,13.3,13.77,14.21,14.59,14.93,15.25,15.63,16.08,16.62,17.21,17.82,18.43,18.99,19.44,19.72,19.85,19.87,19.9,20.02,20.3,20.74,21.32,22.0,22.73,23.45,24.08,24.58,24.96,25.28,25.66,26.22,26.97,27.87,28.85,29.92,31.24,33.0,35.23,37.64,39.64,40.72,40.72,39.95,38.96,38.16,37.72,37.58,37.59,37.6,37.52,37.33,37.04,36.68,36.27,35.79,35.2,34.5,33.72,32.95,32.25,31.68,31.22
6.6,6.34,6.17,6.14,6.29,6.6,7.06,7.62,8.23,8.85,9.45,10.0,10.51,10.98,11.41,11.83,12.24,12.67,13.13,13.64,14.18,14.72,15.21,15.6,15.88,16.05,16.17,16.34,16.61,17.03,17.56,18.17,18.81,19.46,20.07,20.59,21.03,21.43,21.86,22.33,22.8,23.23,23.61,24.05,24.68,25.59,26.83,28.45,30.49,32.85,35.16,36.85,37.42,36.84,35.61,34.47,33.91,33.97,34.31,34.56,34.52,34.22,33.81,33.34,32.82,32.21,31.48,30.63,29.7,28.73,27.85,27.12,26.55,26.09,25.62,25.11,24.54,23.95
1.56,1.48,1.48,1.55,1.73,2.04,2.53,3.19,4.0,4.92,5.89,6.89,7.88,8.84,9.73,10.53,11.22,11.85,12.42,12.96,13.45,13.88,14.24,14.53,14.79,15.08,15.45,15.95,16.52,17.1,17.62,18.11,18.62,19.18,19.72,20.14,20.44,20.68,20.94,21.16,21.27,21.35,21.68,22.73,24.89,28.01,31.26,33.55,34.28,33.69,32.55,31.57,31.05,30.97,31.14,31.31,31.28,30.96,30.4,29.73,29.08,28.44,27.72,26.83,25.83,24.82,23.9,23.04,22.24,21.47,20.73,19.97,19.23,18.58,18.06,17.68,17.35,17.0
0.11,0.05,-0.16,-0.61,-1.23,-1.77,-1.95,-1.58,-0.58,0.92,2.72,4.64,6.54,8.29,9.81,11.07,12.11,13.0,13.78,14.43,14.88,15.12,15.23,15.31,15.45,15.67,15.96,16.29,16.59,16.86,17.18,17.56,17.89,18.0,17.93,17.91,18.12,18.44,18.6,18.77,19.63,21.82,25.2,28.64,30.75,31.04,30.19,29.23,28.66,28.4,28.29,28.3,28.35,28.2,27.67,26.8,25.86,25.07,24.44,23.79,22.97,21.95,20.87,19.86,18.97,18.09,17.05,15.93,14.98,14.28,13.72,13.16,12.53,11.9,11.37,10.98,10.67,10.33
3.54,3.45,3.39,3.3,3.22,3.2,3.3,3.64,4.17,4.79,5.57,6.67,8.15,9.82,11.35,12.49,13.28,13.87,14.39,14.82,15.09,15.25,15.38,15.55,15.68,15.7,15.65,15.63,15.72,15.91,16.11,16.16,16.04,15.93,16.1,16.57,17.14,17.97,19.56,22.07,24.88,26.98,27.81,27.61,27.0,26.42,26.0,25.79,25.72,25.62,25.32,24.75,23.9,22.84,21.81,21.02,20.44,19.77,18.78,17.54,16.29,15.17,14.18,13.19,12.29,11.58,10.93,10.3,9.61,8.91,8.29,7.69,7.02,6.27,5.58,5.12,4.86,4.69
9.35,9.76,10.04,10.25,10.51,10.97,11.69,12.67,13.79,14.89,15.75,16.25,16.54,16.83,17.15,17.35,17.3,17.0,16.56,16.09,15.73,15.59,15.6,15.59,15.56,15.58,15.64,15.68,15.63,15.49,15.32,15.2,15.31,15.79,16.51,17.43,18.82,20.85,23.07,24.75,25.51,25.54,25.11,24.43,23.78,23.45,23.4,23.24,22.72,21.88,20.8,19.54,18.4,17.62,17.05,16.24,14.99,13.52,12.21,11.17,10.27,9.46,8.79,8.12,7.65,7.32,6.91,6.39,5.91,5.72,6.08,7.02,8.31,9.56,10.44,10.84,10.85,10.65
13.34,13.87,14.68,15.82,17.2,18.58,19.76,20.77,21.68,22.35,22.65,22.63,22.47,22.24,21.84,21.22,20.34,19.32,18.38,17.65,17.07,16.58,16.24,16.07,16.04,15.99,15.8,15.51,15.27,15.13,15.1,15.29,15.78,16.46,17.48,19.17,21.36,23.26,24.28,24.42,23.96,23.13,22.23,21.64,21.45,21.28,20.68,19.62,18.32,16.94,15.74,14.92,14.22,13.12,11.6,10.14,9.01,8.08,7.27,6.73,6.3,5.89,5.52,4.93,4.31,4.26,5.14,6.66,8.05,8.67,8.43,7.72,7.0,6.49,6.21,6.01,5.79,5.49
18.75,19.37,20.01,20.71,21.48,22.21,22.82,23.24,23.47,23.64,23.9,24.26,24.34,23.83,22.82,21.59,20.38,19.41,18.75,18.26,17.77,17.27,16.83,16.47,16.09,15.63,15.2,14.99,15.0,15.13,15.37,15.8,16.51,17.8,19.84,22.09,23.61,23.97,23.42,22.39,21.26,20.42,19.95,19.6,19.03,18.0,16.53,14.94,13.67,12.83,12.0,10.7,9.07,7.65,6.53,5.6,4.99,4.94,4.51,3.7,2.71,2.12,2.59,4.02,5.43,5.96,5.59,4.97,4.61,4.5,4.39,4.11,3.67,3.14,2.6,2.08,1.59,1.11
20.68,21.32,21.86,22.27,22.6,22.93,23.33,23.73,23.92,23.69,23.04,22.27,21.72,21.39,20.98,20.35,19.66,19.06,18.52,17.98,17.46,16.91,16.3,15.7,15.08,14.52,14.42,14.9,15.44,15.62,15.86,16.84,18.7,20.98,22.92,23.75,23.36,22.27,21.03,19.83,18.89,18.24,17.58,16.68,15.37,13.63,11.96,10.95,10.14,8.78,7.14,5.88,4.81,3.64,2.94,3.15,2.51,0.99,0.01,0.4,1.72,2.8,2.91,2.43,2.09,2.03,1.9,1.49,0.95,0.47,0.11,-0.18,-0.46,-0.77,-1.13,-1.57,-2.08,-2.67
19.83,19.9,19.79,19.51,19.14,18.78,18.59,18.63,18.84,19.14,19.43,19.64,19.69,19.59,19.38,19.06,18.57,17.94,17.22,16.53,15.93,15.45,14.99,14.38,13.99,14.56,15.63,16.0,15.86,16.41,17.95,19.93,21.88,23.22,23.34,22.39,21.25,20.2,18.88,17.49,16.54,15.8,14.79,13.29,11.25,9.41,8.5,7.56,5.79,4.35,3.52,2.34,1.25,1.29,0.81,-1.01,-1.81,-1.1,-0.11,0.22,-0.11,-0.48,-0.71,-1.08,-1.62,-2.12,-2.48,-2.75,-3.06,-3.46,-3.91,-4.4,-4.93,-5.49,-6.01,-6.48,-6.94,-7.4
13.39,13.85,14.58,15.5,16.46,17.41,18.25,18.99,19.54,19.85,19.99,20.01,19.94,19.8,19.55,19.01,18.26,17.64,17.07,16.31,15.67,15.34,15.33,15.34,16.03,16.38,16.64,16.86,17.61,18.85,20.5,21.96,22.44,21.92,21.11,20.74,20.15,18.22,16.06,15.07,14.42,13.33,11.78,9.87,8.23,7.17,5.77,3.82,2.6,1.76,0.5,-0.06,-0.35,-1.85,-3.08,-2.89,-2.35,-2.2,-2.42,-2.76,-3.28,-4.02,-4.74,-5.27,-5.71,-6.11,-6.54,-7.09,-7.77,-8.45,-9.04,-9.57,-10.13,-10.7,-11.18,-11.58,-12.01,-12.54
17.95,19.51,20.84,21.9,22.72,23.52,24.06,24.45,24.79,24.85,24.65,24.45,24.18,23.58,22.78,21.19,22.54,20.94,20.13,19.71,19.1,18.62,17.99,17.4,17.08,17.25,17.62,17.94,18.99,20.51,21.16,20.86,20.4,19.86,18.68,17.05,15.07,13.43,12.98,12.76,11.82,11.01,9.91,8.6,7.6,5.8,3.27,1.71,0.75,-0.4,-0.37,-1.34,-3.07,-3.72,-3.86,-3.96,-4.27,-4.8,-5.56,-6.29,-6.89,-7.7,-8.35,-8.94,-9.71,-10.53,-11.3,-11.99,-12.65,-13.23,-13.74,-14.25,-14.78,-15.32,-15.75,-16.2,-16.69,-17.32
21.41,21.89,22.21,22.3,22.62,22.83,22.99,22.94,23.2,23.28,23.78,23.56,24.27,24.9,25.08,25.44,25.93,26.47,25.6,27.14,25.26,25.84,23.62,23.51,22.81,21.3,20.35,20.42,21.0,20.65,19.49,18.34,15.64,11.55,10.97,12.63,11.61,10.85,10.58,10.04,9.73,9.56,8.78,7.88,6.46,4.12,2.15,0.54,-0.49,-0.13,-1.68,-3.66,-4.18,-4.64,-5.2,-5.93,-6.74,-7.89,-8.79,-9.3,-10.52,-11.83,-12.91,-13.75,-13.98,-15.54,-15.7,-16.34,-16.87,-17.45,-17.77,-18.2,-18.51,-19.17,-19.67,-19.75,-20.25,-20.87
19.36,20.47,21.53,22.32,23.58,23.67,23.8,23.85,23.06,23.81,23.16,23.27,23.03,23.3,24.03,24.24,24.93,25.51,26.86,27.88,29.12,30.22,30.33,29.93,29.09,27.0,24.08,21.86,19.83,18.24,16.71,12.37,8.73,9.29,9.01,8.43,8.28,8.22,7.79,7.68,8.08,7.96,7.66,6.33,4.33,2.55,1.0,-0.88,-1.83,-2.24,-4.02,-4.07,-5.44,-6.78,-7.87,-8.42,-9.19,-10.34,-11.45,-12.49,-13.74,-15.11,-16.33,-16.91,-17.28,-18.06,-18.52,-19.2,-18.7,-19.91,-20.37,-20.4,-20.59,-20.85,-21.54,-21.97,-22.71,-23.61
24.68,24.76,24.68,24.71,24.54,24.38,24.32,23.94,23.25,22.63,22.12,21.33,21.06,21.04,21.25,21.23,21.33,21.85,22.04,23.05,24.15,24.38,25.01,26.06,25.56,23.8,21.83,19.36,17.33,13.97,7.54,5.46,5.11,5.28,6.2,6.61,6.43,6.35,6.7,6.77,6.65,6.6,6.16,5.28,3.39,1.32,-0.41,-1.79,-2.43,-4.58,-5.5,-6.33,-7.28,-7.89,-9.16,-10.46,-11.36,-12.65,-13.58,-14.65,-15.57,-16.62,-17.39,-17.75,-17.93,-18.87,-19.19,-19.54,-20.27,-20.45,-20.73,-20.81,-21.03,-20.89,-21.6,-21.71,-22.12,-22.2
17.96,18.53,18.51,18.02,17.78,17.21,16.72,16.61,16.25,16.12,15.84,15.84,15.73,15.88,16.37,16.38,16.48,16.5,16.47,16.49,16.57,16.41,16.29,16.57,15.97,15.27,14.0,13.71,9.67,3.29,2.3,1.96,2.92,3.3,3.18,3.7,4.19,5.07,5.96,6.41,6.26,6.63,6.88,5.99,2.91,0.07,-1.74,-2.39,-4.58,-5.82,-6.63,-8.23,-9.29,-10.31,-11.09,-12.2,-13.5,-14.23,-14.91,-15.66,-16.26,-17.02,-17.17,-17.45,-17.89,-18.04,-18.01,-17.7,-18.13,-18.43,-18.25,-17.8,-18.11,-17.67,-17.47,-17.34,-17.12,-16.88
14.04,13.97,13.19,11.39,11.3,11.44,11.06,10.53,10.31,10.47,10.54,11.1,10.58,10.77,10.87,10.89,11.06,10.63,10.03,9.64,9.07,8.32,7.93,7.81,7.0,7.79,7.58,2.99,1.04,0.31,-0.13,1.22,0.61,1.19,2.71,3.59,3.92,3.76,5.18,6.64,6.79,6.8,7.05,6.47,3.48,0.59,-2.25,-3.04,-5.3,-6.22,-7.85,-9.61,-10.69,-11.99,-13.41,-14.57,-14.99,-15.43,-15.88,-13.95,-13.95,-13.29,-13.63,-13.29,-13.92,-13.57,-12.52,-13.17,-13.61,-13.34,-13.6,-13.52,-13.22,-12.13,-11.93,-12.17,-10.65,-10.88
13.7,12.27,10.44,9.7,8.43,8.32,7.62,7.06,6.6,6.1,5.56,4.69,4.01,3.35,2.44,1.86,1.56,1.47,1.01,0.89,0.63,0.55,0.83,1.33,3.5,2.71,0.26,-0.31,-0.79,-0.19,1.05,1.3,1.74,3.24,4.47,6.23,7.94,8.45,6.15,5.41,6.48,6.41,6.3,6.35,4.48,1.09,-2.45,-3.11,-5.08,-6.44,-7.69,-8.47,-10.16,-11.8,-12.22,-12.39,-11.42,-11.02,-9.35,-7.77,-5.75,-5.13,-5.56,-4.88,-4.46,-4.37,-4.84,-5.11,-5.24,-4.94,-5.15,-5.16,-5.22,-5.3,-5.25,-5.29,-5.37,-4.81
11.37,9.98,8.36,6.59,6.06,4.67,3.41,2.16,0.58,-1.26,-3.12,-4.9,-7.11,-8.34,-8.25,-7.36,-6.3,-4.93,-4.02,-2.04,-1.73,-0.04,1.33,3.03,3.6,2.3,0.44,0.21,0.66,1.23,1.81,2.08,3.14,4.85,7.61,10.42,11.05,10.28,8.42,5.97,5.47,5.84,5.68,5.31,4.78,2.98,-1.34,-3.7,-4.14,-5.28,-6.06,-6.74,-7.87,-4.12,-6.8,-6.19,-5.36,-3.99,-3.16,-1.64,-0.86,-0.81,-0.95,0.25,1.08,1.17,1.0,0.86,0.88,0.47,0.15,0.07,0.3,0.31,0.38,0.78,0.96,0.96
8.38,6.75,5.6,3.95,1.76,-0.19,-2.22,-4.9,-7.72,-9.49,-8.61,-5.43,-2.32,-0.23,1.31,0.63,-0.87,0.22,1.23,1.61,2.9,3.39,3.46,3.52,2.64,2.24,1.85,2.12,2.95,4.0,4.96,6.37,8.44,10.34,12.26,13.0,12.45,11.07,9.3,7.04,6.04,5.47,5.91,5.55,5.59,4.33,1.41,-3.42,-3.76,-3.67,-3.87,-3.74,-3.57,-2.72,-2.57,-2.98,-2.36,-2.1,-2.59,-3.11,-3.43,-0.59,-0.23,-0.06,0.7,1.69,2.38,2.24,2.05,2.2,3.02,3.6,2.26,1.78,1.69,2.84,5.18,5.3
6.12,4.12,2.35,1.25,-0.69,-3.21,-6.55,-7.72,-7.0,-2.17,4.62,-0.41,-5.48,-2.49,-0.05,0.91,1.49,0.32,0.73,0.59,0.73,1.58,2.19,1.56,1.3,1.43,2.1,3.47,5.56,8.05,10.61,13.32,14.02,14.73,14.25,12.73,11.66,10.52,8.55,6.92,6.79,5.96,5.58,6.08,5.98,6.22,5.35,0.8,-4.22,-3.22,-2.87,-1.95,-1.71,-1.84,-1.98,-1.57,-1.7,-2.37,-2.0,-1.61,-2.06,-1.65,-0.57,0.21,0.87,0.94,2.59,2.14,2.02,2.36,2.36,3.22,3.36,3.44,2.01,2.59,1.86,2.83
5.25,3.6,2.66,1.16,-1.59,-4.18,-4.11,-1.84,7.0,8.34,-4.2,-0.85,4.39,6.43,7.16,5.93,5.25,5.03,3.62,2.75,1.72,1.96,2.3,2.06,1.33,1.33,3.29,6.52,9.01,10.96,13.36,14.32,14.87,13.3,11.33,10.1,9.15,8.44,7.25,6.35,6.33,5.99,5.36,6.05,6.46,7.13,8.22,7.79,0.45,-1.67,-1.22,-0.28,0.02,0.27,-0.22,-0.71,-1.26,-1.85,-1.83,-1.73,-1.87,-1.84,-1.54,-0.28,0.5,-0.08,1.46,2.59,2.72,2.93,3.03,3.6,3.77,4.54,4.38,4.63,4.61,4.56
5.34,4.32,3.17,0.72,-1.97,0.94,2.25,5.92,5.16,-1.45,4.55,7.18,6.46,5.35,5.46,5.63,5.68,5.04,3.59,2.89,1.8,1.71,1.79,0.84,0.33,1.64,3.86,5.7,7.11,8.59,10.09,10.32,8.77,7.78,7.11,6.63,5.94,5.05,4.51,4.8,5.22,5.29,4.91,5.33,6.59,7.53,9.2,10.14,8.56,1.75,1.51,2.18,2.84,2.17,2.04,1.39,0.65,0.52,-0.73,-1.18,-1.17,-0.96,-0.84,-1.17,-1.34,-0.45,0.65,1.25,1.73,2.12,2.22,3.98,4.53,4.82,6.19,6.9,7.34,7.97
5.32,5.54,4.04,1.7,2.26,1.51,1.46,-1.6,2.88,8.49,7.21,8.45,8.44,6.92,6.06,4.94,3.41,2.01,1.24,0.82,0.25,-0.03,-0.7,-2.15,-1.85,0.16,0.6,1.36,2.87,3.47,3.17,3.36,3.11,2.7,2.81,2.7,2.28,1.96,1.48,1.7,2.86,3.8,4.31,5.09,6.49,7.49,8.3,10.6,11.98,12.12,4.73,5.22,5.25,5.03,4.84,3.95,2.82,2.06,1.21,0.14,-1.26,-2.49,-3.57,-3.78,-3.73,-3.67,-2.45,-0.39,-0.1,2.03,3.56,3.93,3.97,6.24,6.54,6.98,8.48,8.61
4.39,4.76,4.22,2.83,4.39,8.14,8.52,11.18,11.64,12.68,12.28,11.29,10.02,7.75,5.56,4.23,3.31,2.0,1.04,-0.08,-1.13,-2.25,-4.69,-3.98,-3.13,-3.54,-3.02,-2.65,-3.06,-2.61,-1.65,-1.76,-2.18,-2.23,-1.96,-1.15,-0.23,0.51,1.09,1.1,0.99,2.12,3.88,5.14,6.46,7.23,8.57,11.31,13.56,16.65,16.37,10.45,8.54,7.7,7.01,5.91,4.31,3.47,3.47,2.07,-0.08,-1.16,-2.22,-2.63,-2.81,-2.77,-2.32,-2.16,-1.52,-1.44,0.01,2.36,3.52,3.59,4.65,5.37,5.95,7.14
2.96,2.45,1.67,2.95,9.12,13.22,13.7,14.58,14.91,14.03,11.97,10.91,9.6,7.74,5.25,3.67,2.64,1.47,0.82,-0.89,-2.62,-5.79,-5.86,-5.75,-6.35,-6.55,-6.96,-7.66,-6.67,-5.96,-6.21,-6.4,-6.21,-5.7,-4.35,-2.5,-0.65,1.17,2.64,3.48,3.97,3.57,3.41,4.78,7.17,8.58,9.24,9.7,12.78,15.61,18.62,19.69,15.38,11.41,9.52,7.87,6.67,3.78,2.53,2.01,0.71,-0.43,-0.75,0.11,-1.22,-5.81,-4.92,-4.72,-4.32,-4.39,-3.85,-3.16,-1.95,-0.35,2.07,2.72,3.51,3.8
