firecesium/firecesium/examples/data/grib2json/500wind0.json
{"header": { "discipline":0, "gribEdition":2, "gribLength":76197, "center":7, "subcenter":0, "refTime":"2016-08-28T12:00:00.000Z", "significanceOfRT":1, "productStatus":0, "productType":1, "productDefinitionTemplate":0, "parameterCategory":2, "parameterNumber":3, "parameterUnit":"m.s-1", "genProcessType":2, "forecastTime":0, "surface1Type":100, "surface1Value":50000.0, "surface2Type":255, "surface2Value":0.0, "gridDefinitionTemplate":0, "numberPoints":65160, "shape":6, "gridUnits":"degrees", "resolution":48, "winds":"true", "scanMode":0, "nx":360, "ny":181, "basicAngle":0, "subDivisions":0, "lo1":0.0, "la1":90.0, "lo2":359.0, "la2":-90.0, "dx":1.0, "dy":1.0 }, "data":
[rows 108 to 143 of 181, columns 243 to 323 of 360]
1.25,0.63,0.0,-0.52,-1.05,-1.27,-1.5,-1.97,-2.59,-2.99,-3.56,-4.05,-4.45,-4.84,-5.17,-5.41,-5.22,-4.59,-3.52,-2.5,-1.59,-0.88,-0.05,0.84,1.85,2.85,3.77,4.52,5.14,5.65,6.02,6.39,6.95,7.29,7.26,7.24,8.04,9.43,10.87,11.35,10.58,9.17,6.35,2.88,0.98,0.35,-0.91,-2.04,-1.27,-2.34,-2.97,-4.03,-2.9,-1.72,-7.76,-7.4,-4.97,-5.49,-7.13,-6.93,-4.66,-2.23,-0.43,0.74,4.12,5.01,5.26,5.38,3.66,1.27,-4.39,-6.47,-5.24,-5.14,-6.46,-6.95,-7.54,-7.55,-7.0,-6.45,-6.04
0.19,-0.05,-0.74,-1.25,-2.14,-2.49,-2.64,-3.02,-3.27,-3.4,-3.49,-3.75,-4.09,-4.41,-4.55,-4.44,-4.02,-3.35,-2.8,-2.45,-2.13,-1.37,-0.23,1.13,2.46,3.64,4.6,5.38,5.9,6.18,6.34,6.69,7.19,7.62,8.01,8.4,8.65,9.61,10.8,11.09,10.6,9.01,7.1,4.81,1.05,-0.82,-1.27,-2.42,-2.78,-4.38,-5.87,-7.59,-5.62,-3.83,-8.65,-8.28,-5.38,-7.42,-8.83,-6.15,-6.1,-2.74,-1.67,0.88,1.67,2.22,4.13,3.86,2.5,0.32,-5.65,-8.87,-6.25,-6.63,-6.9,-7.9,-8.26,-8.02,-7.43,-6.9,-6.11
-0.9,-1.15,-1.42,-2.0,-3.01,-3.6,-3.91,-3.92,-4.07,-4.03,-4.02,-4.07,-4.26,-4.22,-4.12,-3.99,-3.86,-3.78,-3.81,-3.71,-2.97,-1.55,0.12,1.88,3.46,4.61,5.41,5.92,6.34,6.53,6.72,7.06,7.61,8.16,8.77,9.28,9.66,10.48,11.25,11.3,11.05,10.76,8.79,4.43,1.3,-1.58,-2.86,-2.85,-4.13,-3.26,-6.51,-8.29,-6.95,-6.87,-7.53,-7.28,-6.55,-8.37,-8.71,-7.23,-4.9,-2.8,-0.27,-0.24,1.65,2.54,2.83,2.81,1.57,-1.18,-4.97,-9.69,-6.88,-7.26,-7.01,-8.23,-8.44,-8.31,-8.03,-7.31,-6.79
-1.24,-2.0,-2.52,-2.74,-3.43,-4.22,-4.89,-4.98,-4.78,-4.74,-4.79,-4.77,-4.61,-4.51,-4.55,-4.53,-4.47,-4.51,-4.45,-3.67,-2.42,-0.78,1.04,2.91,4.75,6.37,7.65,8.05,7.7,7.29,7.17,7.51,8.16,8.91,9.61,10.25,11.09,11.98,12.43,12.5,12.51,12.45,11.92,9.22,1.94,-3.08,-4.4,-4.98,-5.33,-3.19,-5.52,-8.76,-11.45,-10.61,-7.79,-6.88,-4.83,-8.24,-9.18,-7.4,-4.94,-4.35,-0.86,0.53,1.38,1.88,1.73,2.21,0.57,-2.6,-5.67,-9.45,-7.36,-7.57,-7.67,-8.55,-8.63,-9.07,-8.49,-7.99,-7.0
-1.57,-1.98,-3.01,-3.89,-4.44,-4.81,-5.6,-6.06,-6.22,-5.93,-5.8,-5.66,-5.43,-5.42,-5.51,-5.57,-5.83,-5.93,-5.27,-4.02,-2.43,-0.69,1.44,3.75,5.54,7.18,8.32,8.7,8.32,7.85,7.82,8.16,8.77,9.57,10.54,11.95,13.85,15.61,16.72,17.72,18.81,18.45,15.96,11.31,5.14,-4.22,-6.98,-6.52,-7.86,-5.3,-4.12,-5.76,-8.8,-12.91,-10.46,-6.99,-7.32,-6.62,-10.34,-8.12,-8.48,-5.91,-0.19,0.64,0.79,1.34,1.04,1.51,-0.31,-2.78,-5.25,-9.52,-9.17,-8.36,-8.11,-9.02,-8.8,-8.66,-8.9,-7.91,-6.02
-2.36,-2.79,-3.13,-4.1,-4.97,-5.58,-6.43,-7.13,-7.67,-7.49,-7.13,-7.1,-6.79,-6.41,-6.46,-6.88,-7.1,-6.48,-5.32,-4.06,-2.47,-0.22,2.43,4.57,6.06,7.51,8.8,9.2,8.94,8.57,8.4,8.88,9.81,11.0,12.5,14.5,16.56,18.03,18.98,20.46,21.19,21.02,19.58,15.23,6.18,-4.51,-10.06,-9.71,-10.3,-10.25,-8.54,-6.45,-7.11,-9.72,-13.78,-13.1,-8.91,-6.74,-11.35,-10.05,-6.87,-4.8,-0.58,1.07,0.69,0.74,0.68,0.51,-1.3,-3.08,-6.56,-9.84,-9.59,-10.08,-9.66,-9.12,-9.26,-9.18,-8.89,-6.87,-5.34
-2.35,-3.78,-4.06,-4.5,-5.54,-6.45,-7.34,-8.25,-8.89,-9.03,-8.66,-8.61,-7.99,-7.58,-7.8,-7.79,-7.14,-6.32,-5.15,-3.65,-1.56,0.91,3.09,4.79,5.95,7.44,8.79,9.2,9.01,8.79,9.0,9.79,11.26,12.44,13.59,15.29,17.05,19.57,22.05,23.92,24.96,24.57,23.09,14.33,3.76,-8.39,-12.79,-12.19,-13.78,-15.51,-12.47,-11.48,-9.15,-8.76,-15.21,-13.64,-12.76,-9.17,-7.97,-10.74,-7.75,-6.81,-2.0,0.44,0.46,-0.13,-0.43,-0.74,-1.86,-4.93,-8.4,-9.94,-10.45,-10.75,-9.97,-9.23,-9.37,-9.87,-8.46,-6.13,-4.53
-5.33,-4.29,-5.61,-5.92,-6.58,-7.35,-8.13,-8.96,-9.65,-10.2,-10.37,-9.92,-9.55,-9.18,-8.62,-7.51,-6.47,-5.44,-4.34,-2.64,-0.29,1.86,3.7,5.05,6.08,7.46,8.74,9.24,9.26,9.11,9.47,10.51,12.03,12.85,13.99,15.96,19.44,22.72,25.29,27.77,29.56,32.22,26.61,15.15,2.37,-11.17,-14.7,-14.48,-18.43,-16.23,-14.28,-9.12,-9.98,-10.63,-12.36,-13.4,-15.2,-12.84,-9.08,-7.77,-9.38,-7.43,-3.36,-0.7,-0.34,-0.8,-0.73,-2.05,-2.55,-4.0,-8.4,-9.65,-10.68,-10.26,-9.46,-8.9,-9.57,-10.12,-8.41,-6.22,-4.68
-7.72,-7.53,-6.57,-7.6,-7.81,-8.2,-8.76,-9.44,-10.18,-10.85,-11.52,-11.69,-11.37,-10.43,-8.91,-7.14,-5.54,-4.22,-3.0,-1.57,0.51,2.51,4.01,5.29,6.25,7.51,8.83,9.86,10.13,10.07,10.5,11.46,12.43,13.1,14.67,17.86,21.61,24.68,28.02,31.59,36.29,34.41,24.34,15.12,2.49,-9.88,-15.17,-17.75,-18.28,-19.29,-13.84,-15.77,-9.2,-8.89,-13.12,-13.37,-14.53,-16.65,-13.84,-10.82,-11.6,-6.82,-5.02,-2.47,-1.2,-1.89,-2.32,-2.28,-3.53,-3.84,-8.06,-9.72,-10.51,-9.84,-8.99,-8.83,-10.36,-10.79,-9.23,-7.28,-5.78
-8.54,-9.43,-9.58,-8.94,-9.34,-9.31,-9.39,-10.22,-11.02,-11.73,-12.05,-12.6,-12.78,-11.32,-9.21,-6.96,-4.99,-3.08,-1.52,-0.61,0.87,2.81,4.11,5.2,6.04,7.19,8.44,9.87,10.52,10.63,11.11,11.88,12.35,13.18,15.51,19.12,22.73,26.31,30.8,35.84,39.65,31.99,21.3,12.73,2.1,-6.71,-13.58,-19.3,-20.31,-18.72,-18.82,-11.73,-12.73,-11.44,-8.87,-15.89,-12.87,-17.45,-18.03,-15.35,-12.69,-10.8,-7.94,-3.78,-2.29,-2.26,-3.65,-3.44,-4.26,-4.14,-6.41,-9.3,-9.92,-9.86,-8.94,-8.54,-10.4,-10.95,-9.8,-7.89,-6.86
-9.81,-10.09,-10.91,-11.35,-11.07,-10.9,-10.94,-11.12,-12.02,-12.9,-13.57,-13.46,-13.22,-11.72,-9.57,-7.26,-4.82,-2.78,-0.74,0.43,1.14,2.61,4.0,5.1,6.01,7.11,8.4,9.66,10.53,10.75,10.99,11.56,12.16,13.35,16.2,20.03,23.87,28.02,33.05,38.87,40.53,30.05,18.42,9.81,1.2,-5.2,-11.52,-18.84,-16.21,-16.25,-17.65,-16.01,-12.36,-11.61,-12.1,-12.22,-15.39,-12.49,-18.53,-18.21,-14.98,-12.37,-10.68,-5.89,-4.67,-3.72,-4.61,-4.76,-5.88,-5.43,-5.58,-7.87,-9.54,-10.42,-9.43,-9.58,-10.39,-10.43,-10.07,-8.15,-7.29
-11.81,-11.5,-11.75,-12.28,-12.67,-12.84,-12.53,-12.85,-13.18,-13.98,-14.61,-14.4,-13.86,-12.12,-9.91,-7.73,-5.52,-3.04,-0.83,0.82,1.67,2.46,3.71,5.25,6.55,7.49,8.93,9.84,10.69,10.84,10.97,11.64,12.71,14.29,17.29,21.12,25.02,29.47,34.31,39.65,40.67,29.89,15.88,7.6,1.63,-3.21,-11.66,-17.13,-19.46,-15.7,-15.55,-15.13,-13.44,-12.22,-10.84,-13.19,-15.08,-14.54,-15.2,-16.51,-16.68,-16.01,-11.75,-10.75,-7.12,-6.91,-5.8,-6.29,-6.63,-6.25,-6.85,-7.19,-9.15,-10.15,-10.8,-10.84,-10.66,-10.09,-10.14,-9.22,-7.52
-13.32,-13.33,-12.83,-12.94,-13.95,-13.98,-14.26,-14.61,-14.68,-15.1,-15.62,-15.58,-14.5,-12.84,-10.55,-8.31,-6.38,-4.19,-1.64,0.54,1.92,2.83,3.82,5.01,6.22,7.44,8.71,10.06,11.12,11.5,11.56,12.07,13.13,14.99,17.96,21.58,25.37,29.37,33.83,38.82,39.76,29.96,14.17,6.17,2.0,-0.4,-8.15,-11.12,-11.15,-17.6,-14.45,-13.2,-13.16,-10.83,-11.81,-10.86,-15.87,-15.24,-15.12,-15.56,-17.12,-15.93,-16.05,-11.97,-10.58,-8.01,-7.85,-6.61,-6.07,-5.56,-6.6,-7.42,-7.9,-9.7,-10.88,-11.21,-10.8,-10.05,-9.17,-8.35,-6.81
-11.72,-12.17,-15.55,-14.0,-14.61,-15.48,-15.52,-15.41,-16.36,-16.29,-16.32,-16.4,-15.66,-13.93,-11.83,-9.62,-7.52,-5.37,-2.86,-0.3,1.72,3.17,4.28,5.46,6.6,7.6,8.83,10.26,11.25,11.45,11.16,11.66,13.19,15.43,18.17,21.56,25.52,29.34,33.4,38.17,38.4,30.0,12.61,4.95,2.18,-0.58,-5.56,-9.45,-7.69,-14.83,-16.56,-13.79,-9.54,-11.09,-11.4,-11.49,-12.19,-14.96,-12.19,-13.81,-17.53,-27.71,-19.7,-17.44,-14.27,-9.76,-8.18,-6.73,-6.21,-6.06,-5.68,-6.45,-7.58,-8.32,-9.41,-10.34,-10.51,-9.76,-8.41,-6.95,-5.71
-12.82,-14.49,-13.72,-15.25,-16.42,-15.69,-17.17,-16.99,-16.28,-17.21,-17.7,-17.33,-16.55,-15.24,-13.41,-11.22,-8.89,-6.57,-4.29,-1.68,0.97,3.09,4.72,5.92,7.07,7.86,9.06,10.44,11.63,12.06,11.85,12.1,13.44,15.5,17.77,20.96,24.87,28.58,32.29,36.62,36.61,29.59,11.78,3.81,2.67,-0.68,-4.69,-3.19,-6.63,-9.31,-10.8,-11.47,-12.19,-10.56,-9.58,-10.66,-10.91,-10.45,-8.54,-8.87,-7.95,-15.33,-25.44,-23.47,-16.71,-13.73,-10.87,-8.85,-6.08,-5.16,-6.13,-6.1,-6.29,-7.27,-8.03,-8.71,-8.96,-8.49,-7.54,-6.22,-4.75
-12.4,-14.83,-16.15,-16.17,-15.45,-17.45,-17.63,-17.97,-18.62,-17.52,-17.17,-17.95,-17.58,-16.64,-15.02,-12.98,-10.59,-8.1,-5.72,-3.11,-0.23,2.37,4.5,6.03,7.23,8.02,8.89,10.02,11.38,12.45,12.57,12.58,13.51,15.22,17.2,20.17,24.21,27.54,30.75,34.81,34.52,28.31,12.25,3.42,0.52,1.36,-4.04,-2.87,-7.59,-7.16,-8.22,-8.57,-8.78,-9.95,-9.32,-7.96,-7.19,-6.57,-4.51,-2.46,-1.31,0.05,-4.71,-14.41,-16.75,-14.64,-14.22,-10.06,-8.44,-7.89,-6.29,-6.75,-7.3,-7.03,-6.89,-7.46,-7.73,-7.34,-6.59,-5.69,-4.52
-13.39,-13.44,-16.03,-18.22,-18.24,-17.09,-16.88,-18.6,-19.72,-19.78,-18.96,-17.34,-17.09,-17.04,-16.05,-14.53,-12.53,-10.04,-7.2,-4.55,-1.86,1.03,3.62,5.73,7.19,8.23,8.72,9.5,10.75,12.47,13.17,13.0,13.14,14.21,16.02,19.12,23.13,26.13,28.98,32.72,32.11,26.54,13.24,3.65,0.85,0.47,-4.18,-7.69,-3.52,-5.85,-5.89,-6.83,-7.9,-8.07,-7.7,-6.05,-4.53,-2.32,-0.1,2.05,2.65,2.1,3.07,5.57,-10.05,-14.22,-13.99,-15.09,-12.89,-9.37,-7.69,-9.01,-8.62,-8.33,-8.09,-7.63,-6.94,-6.2,-5.29,-4.15,-2.89
-13.86,-15.9,-16.44,-16.65,-20.29,-20.63,-19.73,-18.39,-18.38,-20.26,-20.63,-19.88,-18.34,-16.57,-15.53,-14.92,-13.36,-11.26,-8.8,-5.95,-3.15,-0.41,2.43,4.79,6.64,7.94,8.44,8.64,10.04,12.44,13.67,13.3,12.42,12.96,14.65,17.8,21.94,24.45,26.85,30.36,30.01,24.76,14.88,4.38,1.57,0.63,-0.55,-6.7,-7.93,-2.46,-3.99,-5.5,-5.16,-5.16,-4.48,-2.97,-1.29,0.0,1.64,3.34,3.86,3.33,2.41,2.4,4.88,0.06,-9.35,-11.9,-10.54,-10.84,-9.04,-4.82,-3.31,-3.23,-3.79,-5.91,-8.31,-8.11,-6.15,-4.29,-2.97
-14.49,-16.3,-18.57,-20.56,-20.0,-20.66,-23.48,-22.04,-20.64,-19.56,-19.56,-20.41,-19.82,-18.76,-17.19,-15.07,-13.2,-11.61,-9.66,-7.31,-4.46,-1.45,1.29,3.84,5.8,7.07,7.67,7.9,9.53,11.97,13.43,12.97,11.44,11.61,13.22,16.4,20.47,22.04,24.33,27.47,27.74,23.43,14.61,6.05,2.6,2.01,0.93,-3.8,-9.17,-7.46,-6.26,-6.93,-6.15,-4.3,-2.65,-1.62,-0.57,1.41,3.53,4.93,5.41,4.67,3.29,3.19,2.37,2.0,2.39,-0.46,-4.79,-7.41,-7.12,-6.14,-3.65,-1.51,-0.83,0.02,-0.17,-0.98,-0.83,-1.58,-2.26
-9.9,-15.57,-21.21,-24.16,-24.8,-25.44,-23.44,-24.83,-24.67,-22.39,-20.83,-19.71,-19.31,-19.87,-18.55,-17.1,-15.18,-12.83,-10.29,-8.02,-5.73,-3.07,-0.19,2.53,4.71,5.81,6.25,7.17,8.95,10.95,12.15,11.77,10.4,10.48,12.16,15.57,18.17,18.99,21.4,24.34,25.47,22.11,14.39,6.79,2.68,2.05,2.5,-2.42,-13.43,-11.97,-9.99,-7.57,-6.84,-4.13,-1.58,-0.32,1.57,3.33,4.79,5.6,5.88,4.63,3.23,1.31,1.12,1.05,-0.3,-0.38,0.15,-1.01,-2.48,-2.96,-1.99,0.03,0.98,-0.41,0.18,0.84,-0.41,0.44,0.5
-1.75,-4.97,-9.67,-15.54,-22.9,-28.17,-28.83,-26.74,-24.68,-25.98,-23.56,-21.58,-20.35,-19.15,-19.16,-18.2,-16.8,-14.87,-12.8,-10.34,-7.61,-4.87,-2.05,0.39,2.29,3.65,4.76,6.22,7.78,9.6,10.58,9.83,9.02,9.57,12.0,14.08,14.7,15.9,18.37,21.06,22.84,20.18,14.54,6.2,2.56,1.99,3.44,-2.74,-11.54,-12.11,-7.83,-7.03,-4.83,-1.61,-0.37,-1.32,-0.87,0.58,1.96,3.91,5.09,5.26,3.33,0.56,-1.56,-3.07,-2.6,-2.58,-3.5,-3.71,-4.25,-5.05,-6.22,-5.95,-5.51,-7.2,-7.11,-6.59,-5.76,-4.33,-3.04
0.71,2.2,2.63,1.49,-3.29,-13.47,-24.14,-30.9,-30.48,-25.95,-26.02,-24.99,-23.15,-21.77,-20.55,-19.91,-17.97,-15.66,-14.3,-12.15,-9.54,-7.03,-4.54,-2.13,-0.16,1.56,2.8,4.01,5.69,7.52,8.35,7.51,6.86,9.09,11.23,11.68,12.14,13.25,15.49,17.99,19.62,18.76,13.95,5.98,1.95,1.01,3.46,0.33,-6.22,-7.22,-7.9,-4.37,-6.36,-6.21,-4.05,-2.38,-0.96,0.52,1.83,2.69,2.72,2.17,1.59,0.42,-1.26,-3.43,-5.73,-6.61,-6.29,-6.03,-5.57,-4.75,-3.46,-2.39,-2.09,-2.76,-4.26,-5.82,-6.77,-7.14,-7.17
1.7,6.0,9.24,9.0,6.59,1.91,-6.04,-18.54,-28.99,-32.75,-30.02,-27.79,-27.33,-25.28,-23.5,-21.6,-20.23,-18.23,-14.81,-12.37,-10.65,-8.5,-6.22,-4.29,-2.54,-0.99,0.55,2.63,4.45,5.79,6.86,6.68,6.18,7.5,9.95,12.12,11.48,11.05,12.48,14.47,16.37,16.18,12.9,4.68,0.63,0.12,3.47,2.31,-6.37,-7.38,-6.5,-5.98,-6.35,-5.96,-4.27,-2.06,0.1,2.04,3.63,4.55,4.46,3.53,2.19,0.39,-1.74,-3.4,-3.91,-4.78,-5.78,-7.19,-8.03,-8.12,-7.64,-6.78,-5.5,-3.91,-2.08,-0.28,1.57,2.94,3.71
6.0,7.4,8.55,11.73,10.12,6.8,2.06,-7.0,-18.14,-27.41,-33.21,-32.84,-30.74,-28.89,-26.39,-23.91,-21.66,-19.4,-17.53,-14.89,-11.7,-9.33,-7.55,-5.7,-3.75,-1.99,-0.92,-0.03,0.82,1.42,2.39,4.5,6.02,7.92,10.68,12.01,10.7,9.44,9.75,11.18,13.14,13.24,10.57,3.27,-1.51,-0.76,3.31,1.53,-6.71,-8.17,-7.31,-6.82,-6.54,-5.57,-4.04,-2.37,-0.69,1.12,3.07,4.5,4.73,4.0,2.71,1.38,0.32,-0.5,-1.44,-1.72,-2.0,-2.52,-3.71,-5.0,-6.33,-7.12,-7.13,-6.5,-5.44,-4.11,-2.79,-1.77,-1.07
9.19,11.45,10.58,12.76,9.93,11.2,6.65,-1.27,-8.31,-18.06,-27.62,-32.79,-33.33,-31.57,-28.5,-25.89,-22.97,-20.39,-17.88,-15.65,-13.8,-11.35,-8.98,-6.89,-4.93,-3.9,-2.74,-2.19,-2.39,-1.75,0.16,2.2,3.97,6.71,9.79,10.99,10.31,7.84,7.04,8.2,10.12,10.44,8.31,1.38,-3.49,-1.37,3.39,3.59,-5.8,-10.94,-9.74,-7.19,-6.42,-5.75,-4.47,-2.86,-1.1,0.84,3.04,4.68,5.28,5.01,4.1,2.66,1.77,2.04,2.48,2.12,1.82,1.77,1.67,1.35,0.81,0.19,-0.22,-0.17,0.3,1.09,1.99,2.88,3.73
11.09,12.44,11.78,9.11,10.57,10.76,11.86,5.44,-0.57,-5.25,-12.64,-23.87,-31.15,-32.29,-30.99,-27.52,-23.93,-20.79,-18.44,-16.6,-14.68,-12.74,-10.8,-8.73,-7.02,-5.65,-4.62,-4.63,-4.42,-3.98,-2.64,0.22,4.51,6.25,8.02,8.32,7.84,5.52,4.38,5.39,7.13,7.49,5.54,-1.54,-5.05,-2.2,3.59,3.97,-4.23,-10.3,-8.78,-8.12,-6.46,-5.35,-4.45,-3.06,-1.5,0.6,2.82,4.23,4.87,4.92,4.39,3.94,3.93,4.07,4.25,4.81,5.19,4.95,4.2,3.36,2.81,2.81,3.42,4.6,5.95,7.1,7.9,8.49,9.08
10.37,10.77,10.06,8.35,5.51,7.5,10.34,9.91,7.42,4.71,-0.82,-6.54,-14.94,-24.65,-29.28,-28.55,-25.68,-22.66,-19.81,-17.28,-15.24,-13.52,-11.82,-10.34,-8.79,-7.39,-6.62,-6.2,-5.96,-5.6,-4.75,-3.37,-1.95,1.0,4.63,7.59,6.16,3.54,1.39,2.35,4.01,4.38,2.26,-2.89,-6.06,-2.73,2.74,4.38,-0.97,-7.52,-9.17,-8.5,-6.82,-5.42,-4.16,-2.85,-1.04,1.23,3.14,4.4,4.94,4.99,4.72,4.1,3.96,4.94,6.19,7.14,7.48,7.05,6.19,5.43,4.93,4.82,5.23,6.19,7.48,8.79,9.71,10.12,10.25
7.51,6.17,5.5,5.36,4.55,2.49,3.12,4.51,4.72,3.19,1.85,2.15,-3.31,-9.81,-13.85,-18.62,-22.42,-23.1,-21.58,-19.39,-17.35,-15.62,-14.21,-12.87,-11.74,-10.84,-9.84,-9.0,-8.14,-6.86,-5.17,-3.42,-1.57,0.45,3.11,2.94,2.74,-0.31,-2.0,-0.66,0.76,0.98,-0.45,-4.66,-6.16,-3.87,1.02,3.16,0.25,-5.42,-8.16,-7.91,-7.28,-5.88,-4.33,-2.64,-0.56,1.66,3.52,4.86,5.55,5.33,4.69,4.99,5.89,6.76,7.56,7.9,7.61,7.03,6.46,6.16,6.25,6.63,7.24,8.15,9.29,10.41,11.32,11.95,12.27
9.48,7.26,4.33,1.63,1.2,1.72,-0.28,-2.58,-2.91,-2.08,-1.06,0.3,1.44,1.13,-2.23,-7.72,-11.87,-13.64,-13.8,-13.87,-13.87,-13.78,-13.4,-12.89,-12.6,-12.37,-12.16,-11.55,-10.29,-8.41,-6.58,-5.01,-3.52,-3.17,-3.2,-0.42,-0.63,-2.71,-3.73,-3.34,-2.18,-2.11,-2.69,-4.62,-6.82,-5.23,-0.98,1.87,1.31,-3.22,-6.2,-7.37,-7.09,-5.92,-4.34,-2.5,-0.16,2.35,4.22,5.16,5.48,5.53,5.67,5.99,6.62,7.39,7.9,7.91,6.79,5.84,5.52,5.81,6.71,7.97,9.37,10.73,12.18,13.54,14.55,15.25,15.71
11.82,11.59,9.99,6.72,2.35,-0.9,-1.44,-0.92,-2.16,-3.67,-3.92,-4.15,-6.06,-6.07,-2.73,-1.9,-4.07,-5.77,-7.49,-10.27,-12.35,-13.35,-13.69,-13.77,-13.89,-13.83,-13.82,-13.37,-12.34,-10.82,-9.38,-8.19,-7.33,-7.06,-5.64,-4.55,-3.96,-4.86,-5.91,-6.36,-5.38,-4.5,-6.3,-5.26,-4.62,-6.44,-3.02,0.74,0.27,-2.52,-6.28,-6.77,-6.7,-5.87,-4.37,-2.14,0.44,2.91,4.82,5.56,5.64,5.41,5.37,5.86,6.76,7.8,7.51,4.94,4.93,5.64,6.19,7.46,8.96,10.77,12.73,14.23,15.67,17.15,18.42,19.43,20.42
13.27,13.67,12.85,11.15,9.0,6.51,3.03,-1.13,-3.64,-3.76,-3.51,-3.95,-5.04,-6.17,-5.65,-4.69,-3.91,-4.51,-5.62,-5.81,-5.98,-7.01,-9.06,-11.62,-13.84,-15.01,-15.3,-14.92,-14.19,-13.75,-12.89,-11.3,-10.53,-10.0,-8.69,-7.82,-7.9,-7.4,-7.25,-8.22,-7.97,-7.18,-8.59,-9.0,-6.11,-4.57,-2.57,-0.1,-0.24,-1.47,-4.34,-6.03,-6.18,-5.66,-4.15,-1.96,0.79,3.71,5.35,5.55,4.99,4.61,4.73,5.35,7.1,7.71,4.91,3.26,5.48,7.05,8.74,10.29,11.84,13.78,15.5,17.24,19.15,21.1,22.9,24.55,26.23
13.37,13.82,13.74,12.93,11.24,9.07,7.43,6.16,4.51,2.01,-1.14,-4.02,-5.74,-6.07,-6.1,-6.3,-5.93,-4.9,-3.45,-2.33,-3.4,-5.35,-6.36,-6.95,-8.81,-10.45,-11.43,-13.38,-16.2,-15.37,-13.4,-13.17,-11.87,-8.33,-7.72,-8.41,-8.48,-8.81,-9.16,-10.38,-10.43,-8.99,-7.39,-8.48,-7.05,-6.64,-5.98,-3.26,0.11,0.23,-2.95,-5.16,-5.91,-5.75,-4.44,-2.05,1.18,3.8,4.75,4.71,4.21,3.85,3.88,5.09,6.78,7.01,5.0,4.3,6.32,9.0,11.03,12.22,13.9,16.24,18.78,21.45,23.87,26.07,28.53,30.91,32.29
13.43,13.51,13.06,12.07,11.06,10.12,9.02,8.0,6.97,5.81,4.69,3.45,1.98,0.09,-2.32,-4.7,-6.16,-6.66,-6.91,-8.08,-9.6,-7.97,-6.01,-6.09,-7.56,-8.14,-9.8,-11.61,-11.93,-13.87,-15.65,-14.11,-11.5,-10.05,-9.62,-9.62,-9.62,-9.57,-10.23,-12.06,-12.83,-10.77,-9.35,-9.4,-7.16,-6.79,-5.37,-4.41,-2.09,-1.37,-2.71,-4.95,-6.63,-6.85,-5.34,-2.3,1.13,3.26,3.93,3.9,3.64,3.52,3.9,4.9,5.97,5.96,5.31,5.8,7.53,9.67,11.48,13.98,17.14,20.33,23.56,26.52,29.36,32.03,34.01,33.78,31.02
13.62,12.85,11.76,10.84,10.23,9.74,9.2,8.69,8.48,8.24,7.5,6.32,5.17,4.07,2.94,1.84,0.27,-2.11,-4.76,-7.18,-9.04,-10.12,-11.18,-12.29,-13.42,-14.1,-14.68,-14.78,-14.2,-13.14,-12.12,-11.69,-11.48,-11.12,-10.96,-11.06,-11.41,-11.93,-12.67,-14.6,-15.82,-13.84,-14.27,-13.51,-7.99,-6.91,-5.09,-3.21,-1.34,-0.59,-2.76,-4.87,-7.59,-8.52,-6.3,-2.46,0.92,2.75,3.43,3.55,3.54,3.55,3.65,4.41,5.07,4.29,4.15,6.22,8.62,10.84,13.99,17.52,21.19,25.13,28.88,32.02,34.49,35.28,32.43,26.46,21.7
14.28,12.97,11.54,10.48,10.1,10.13,10.24,10.16,9.73,9.14,8.66,8.11,7.25,6.14,5.02,3.64,2.41,1.63,1.24,0.71,-1.18,-4.61,-8.66,-11.6,-12.72,-13.39,-14.29,-14.77,-14.37,-13.71,-13.24,-13.06,-13.08,-13.42,-13.75,-13.7,-13.8,-13.99,-14.59,-16.13,-17.75,-16.19,-13.6,-17.41,-17.28,-12.76,-7.01,-3.36,-0.99,-0.4,-3.31,-7.53,-9.55,-9.69,-6.83,-2.73,0.6,2.8,3.68,3.65,3.5,3.43,3.39,3.47,2.72,2.0,4.3,6.95,9.64,13.26,17.01,21.22,26.09,30.55,34.08,36.19,35.15,29.26,22.43,21.05,22.89
14.82,13.8,12.77,12.03,11.78,11.98,12.36,12.62,12.55,12.09,11.39,10.58,9.48,8.03,6.41,4.81,3.55,2.99,2.69,1.86,0.43,-0.73,-1.41,-2.39,-5.43,-9.92,-13.43,-14.75,-14.71,-14.46,-14.84,-15.35,-15.34,-15.41,-15.86,-16.76,-16.28,-15.97,-16.09,-16.73,-17.7,-17.24,-15.54,-15.27,-17.16,-17.36,-15.05,-9.08,-4.55,-1.95,-3.64,-9.17,-12.18,-11.05,-7.71,-3.67,0.2,3.15,4.3,3.99,3.49,3.17,2.55,1.21,-0.15,1.62,4.94,8.01,11.49,15.26,20.03,25.26,30.39,34.75,37.32,35.12,26.81,20.67,20.69,21.9,23.62
