firecesium/firecesium/examples/data/grib2json/700wind3.json
{"header": { "discipline":0, "gribEdition":2, "gribLength":74985, "center":7, "subcenter":0, "refTime":"2016-08-28T12:00:00.000Z", "significanceOfRT":1, "productStatus":0, "productType":1, "productDefinitionTemplate":0, "parameterCategory":2, "parameterNumber":2, "parameterUnit":"m.s-1", "genProcessType":2, "forecastTime":3, "surface1Type":100, "surface1Value":70000.0, "surface2Type":255, "surface2Value":0.0, "gridDefinitionTemplate":0, "numberPoints":65160, "shape":6, "gridUnits":"degrees", "resolution":48, "winds":"true", "scanMode":0, "nx":360, "ny":181, "basicAngle":0, "subDivisions":0, "lo1":0.0, "la1":90.0, "lo2":359.0, "la2":-90.0, "dx":1.0, "dy":1.0 }, "data":
[rows 68 to 101 of 181, columns 156 to 233 of 360]
6.22,5.56,5.22,6.26,6.55,6.78,6.68,5.29,3.83,4.07,3.9,2.48,0.49,0.02,1.08,0.79,1.64,1.91,1.84,1.94,2.28,1.87,1.49,1.58,1.81,1.88,1.57,0.86,-0.1,-1.33,-2.79,-3.97,-5.08,-4.59,-3.99,-5.2,-5.71,-5.99,-5.07,-5.46,-6.09,-6.12,-5.24,-5.33,-4.77,-6.26,-4.89,-3.4,-1.92,0.5,1.05,-0.34,0.0,0.56,0.93,1.14,1.21,0.89,0.85,-0.11,-0.87,-1.8,-2.66,-3.01,-3.67,-4.17,-4.24,-4.96,-5.57,-6.35,-6.24,-5.73,-6.19,-6.72,-7.31,-7.44,-7.17,-7.64
4.14,4.94,5.52,5.93,6.03,6.09,5.76,4.67,3.57,4.39,5.41,4.25,2.65,1.96,1.69,0.6,0.25,0.83,1.22,1.27,1.08,0.82,1.23,1.15,2.46,1.81,1.29,0.51,-0.66,-1.9,-3.54,-5.53,-5.51,-4.63,-4.56,-5.42,-5.64,-5.88,-4.93,-5.18,-5.79,-5.34,-4.02,-2.82,-2.74,-4.95,-4.55,-4.73,-5.89,-4.68,0.54,0.58,1.82,2.97,3.86,3.79,3.32,2.42,1.5,-0.98,-2.71,-4.73,-5.68,-6.21,-7.03,-7.12,-6.48,-6.12,-6.9,-7.58,-7.28,-6.75,-6.6,-6.97,-7.17,-7.31,-7.52,-8.63
4.82,2.22,3.77,5.25,5.61,6.0,4.43,3.68,4.09,5.2,6.09,5.28,4.36,2.95,2.41,1.0,-0.04,0.29,0.3,0.21,-0.08,-0.09,0.54,2.06,2.02,1.24,0.66,-1.18,-2.72,-3.5,-4.47,-5.2,-5.29,-5.03,-5.13,-5.69,-5.94,-5.41,-4.39,-4.96,-5.14,-4.45,-2.6,-1.02,-0.95,-1.71,-3.55,-3.26,-3.84,-2.46,1.37,2.62,3.12,3.56,3.81,3.77,3.44,2.74,0.94,-1.79,-3.82,-6.83,-9.7,-10.46,-10.68,-9.62,-8.04,-7.29,-7.25,-8.1,-7.92,-7.41,-6.95,-7.2,-7.0,-6.95,-7.65,-8.96
4.97,6.87,7.08,5.8,6.79,4.93,4.65,3.94,5.63,6.44,6.84,5.94,4.68,4.14,3.15,0.95,-0.56,-0.59,-0.92,-1.12,-1.58,-1.52,0.08,0.16,0.09,-0.14,-1.2,-2.84,-4.0,-4.34,-4.84,-5.36,-5.6,-5.62,-5.91,-6.41,-5.96,-4.66,-3.82,-4.08,-3.86,-2.97,-2.88,-3.95,-1.99,-1.32,-1.5,-2.27,-1.54,-1.26,0.58,2.38,2.68,4.21,3.89,3.61,2.49,2.25,-0.39,-2.42,-4.18,-7.19,-11.51,-14.52,-14.04,-11.62,-9.0,-7.85,-7.61,-8.53,-8.52,-7.58,-6.8,-6.96,-6.61,-6.28,-7.14,-7.86
7.91,6.9,6.68,4.26,5.67,4.88,4.14,5.18,5.71,6.0,5.34,4.86,5.64,4.6,3.25,0.49,-1.14,-1.44,-1.72,-1.84,-1.11,-0.2,-0.96,-1.18,-1.54,-2.13,-2.36,-3.07,-3.59,-4.33,-5.7,-6.33,-6.21,-6.87,-7.08,-5.83,-4.46,-4.38,-3.75,-3.21,-2.86,-2.44,-0.94,0.58,0.6,0.62,-0.35,-1.18,-0.98,0.27,-0.17,1.13,2.49,2.68,3.21,3.42,3.65,1.04,-0.86,-2.42,-3.76,-6.52,-11.05,-15.44,-13.96,-11.14,-8.41,-7.2,-7.38,-8.46,-9.25,-7.64,-6.22,-5.64,-5.28,-5.58,-6.35,-5.43
6.24,4.25,3.75,6.67,6.42,5.55,5.06,5.62,5.2,4.65,4.57,6.06,5.47,3.89,2.33,0.2,-0.89,-1.54,-1.5,-2.08,-1.75,-1.19,-2.4,-2.79,-3.0,-3.55,-3.51,-3.75,-4.35,-5.46,-6.36,-6.88,-7.18,-7.04,-5.91,-5.3,-4.91,-4.84,-3.8,-2.93,-1.95,-0.68,-0.15,-0.19,0.44,-0.99,0.58,2.41,4.17,4.37,4.63,3.4,1.81,2.67,2.34,2.51,2.48,1.69,0.61,-1.7,-2.19,-3.2,-7.51,-21.23,-10.47,-6.33,-6.31,-5.11,-5.7,-7.09,-9.21,-8.1,-6.64,-5.46,-4.52,-4.75,-5.51,-4.66
4.05,3.67,4.68,4.11,4.54,4.25,4.48,5.35,5.57,4.32,4.45,4.75,4.03,2.04,0.91,0.79,-0.5,-2.11,-2.08,-2.93,-3.43,-4.17,-3.15,-4.06,-4.45,-4.37,-4.55,-5.12,-5.59,-6.36,-6.59,-7.17,-7.18,-6.6,-6.29,-5.74,-5.35,-4.51,-3.31,-2.47,-1.45,-1.44,-0.87,-1.4,-1.71,-0.04,1.52,2.53,3.04,3.14,3.34,4.0,4.2,3.13,3.02,2.2,1.54,1.29,0.97,-0.83,-0.26,2.81,4.87,14.88,5.2,0.03,-3.21,-3.6,-3.13,-4.14,-5.9,-7.47,-6.84,-6.05,-5.21,-4.82,-4.6,-2.86
3.14,2.85,1.81,2.4,2.31,2.86,3.71,4.11,4.35,3.91,3.77,3.31,1.94,0.67,-0.87,-1.69,-1.8,-0.6,-2.1,-3.51,-4.04,-4.62,-4.45,-5.21,-5.27,-4.77,-4.87,-5.73,-6.38,-6.35,-6.18,-6.54,-6.46,-6.09,-5.57,-5.21,-4.43,-3.51,-2.59,-2.24,-2.24,-2.83,-2.86,-3.27,-2.46,-2.24,-2.5,1.23,3.18,2.81,1.61,1.39,1.8,2.64,2.0,1.8,0.86,1.31,0.89,0.91,1.36,4.77,9.23,12.24,10.19,3.06,-0.57,-2.14,-1.47,-1.99,-2.94,-2.89,-3.95,-4.91,-4.43,-3.43,-3.27,-2.39
1.41,0.96,0.94,0.64,0.63,1.14,1.95,2.49,3.08,2.77,2.26,1.87,0.28,-0.71,-1.91,-3.27,-2.24,-3.25,-4.32,-5.11,-4.52,-4.89,-5.67,-5.78,-5.98,-5.51,-5.23,-5.84,-6.47,-6.44,-5.95,-5.41,-5.34,-5.03,-4.69,-4.18,-3.62,-3.31,-2.96,-3.33,-2.86,-3.16,-2.62,-2.2,-4.54,-4.68,-1.45,1.93,4.24,4.42,3.65,2.16,1.76,1.59,1.8,1.77,1.11,0.42,0.95,2.39,3.14,4.65,6.76,7.86,5.58,1.93,0.91,-1.67,0.34,0.06,-1.75,-1.68,-0.43,-0.47,-1.68,-1.67,-0.93,-1.0
0.43,-0.24,0.1,-0.56,0.61,1.67,2.23,1.59,1.38,1.07,1.18,0.16,-0.87,-2.61,-3.9,-4.23,-3.37,-3.26,-4.73,-5.01,-5.24,-5.91,-6.05,-6.13,-6.48,-6.08,-5.9,-5.7,-6.2,-6.3,-5.68,-4.77,-4.51,-4.17,-3.76,-3.63,-3.48,-3.36,-2.84,-1.43,-0.68,-0.78,-0.68,-0.82,-0.47,0.47,2.87,3.37,4.1,4.2,4.14,3.13,2.21,1.45,0.98,1.88,2.63,0.75,1.31,1.97,2.47,3.49,4.68,4.92,3.53,1.83,1.37,0.08,0.28,2.06,0.57,-1.13,-1.37,-0.46,0.81,1.82,2.64,3.32
0.0,-0.55,-0.97,0.4,1.05,0.62,-0.03,0.0,-0.22,-0.29,-0.67,-1.48,-2.64,-4.67,-5.5,-5.78,-5.26,-4.95,-3.8,-3.68,-5.42,-5.68,-6.18,-6.02,-6.42,-6.24,-5.85,-5.36,-5.47,-5.52,-5.01,-4.33,-3.86,-3.1,-2.85,-2.28,-1.61,-0.26,0.8,1.37,1.45,1.01,0.8,1.66,4.4,6.44,4.77,2.94,2.71,3.03,3.13,2.84,2.26,1.63,0.93,0.65,1.31,2.09,1.49,1.97,2.08,2.33,2.64,2.56,2.31,2.85,2.56,2.68,2.08,3.33,2.38,1.0,0.01,-0.58,-0.21,0.84,1.84,2.59
0.59,-0.45,0.38,0.4,-0.56,-1.14,-2.02,-1.97,-1.55,-1.86,-2.62,-2.98,-4.87,-6.11,-5.35,-3.66,-2.78,-2.64,-4.11,-3.52,-4.01,-5.24,-4.81,-5.96,-6.41,-6.2,-5.63,-5.31,-4.85,-4.55,-4.13,-3.58,-2.8,-2.5,-1.71,-1.18,-0.31,0.49,1.41,2.04,1.34,1.26,1.94,3.41,5.02,4.31,3.12,1.75,1.04,1.12,1.62,2.18,2.78,1.45,1.62,0.14,0.04,0.72,0.45,1.01,1.45,1.66,1.42,1.74,3.0,4.09,3.78,0.4,1.64,1.86,1.28,1.12,1.6,1.65,0.92,0.86,1.98,1.55
-0.98,-1.17,-0.18,-0.38,-0.95,-2.48,-3.11,-2.98,-2.75,-2.89,-3.72,-4.7,-5.51,-6.04,-4.36,-2.7,-2.73,-2.41,-3.02,-2.74,-2.88,-3.6,-3.37,-4.2,-5.11,-5.74,-5.22,-5.03,-4.7,-4.17,-3.87,-3.39,-2.7,-1.6,-0.73,0.08,-0.21,-0.19,0.4,0.61,1.57,2.34,3.86,4.79,4.07,3.02,1.91,0.71,-0.23,-0.37,0.45,1.4,2.42,2.82,3.27,1.76,0.66,0.67,-0.19,1.19,1.99,2.05,2.85,3.35,4.1,3.39,0.34,0.59,0.19,-0.04,-0.92,0.18,1.28,1.59,1.88,2.51,2.74,3.06
-0.78,-0.68,-1.27,-1.37,-1.97,-2.89,-3.6,-3.91,-3.86,-3.65,-3.87,-4.72,-5.09,-4.01,-2.63,-2.52,-2.58,-2.72,-1.86,-1.27,-0.8,-1.01,-1.32,-2.56,-2.95,-3.38,-3.94,-4.06,-4.07,-3.74,-3.31,-2.82,-1.85,-1.11,-0.61,-0.81,-0.77,0.81,1.88,2.85,3.05,3.14,3.11,2.4,2.08,2.46,1.47,-0.06,-0.71,-0.88,-0.36,0.25,1.35,2.31,3.22,2.89,2.04,1.09,1.72,1.35,1.71,1.37,0.83,1.27,0.6,-0.33,-0.25,-0.79,-1.42,-1.74,-1.08,0.76,1.18,2.38,3.1,3.91,3.34,2.97
-1.46,-2.04,-2.88,-2.84,-2.98,-3.57,-3.6,-3.71,-3.95,-4.09,-4.66,-4.19,-3.37,-1.72,-1.52,-1.99,-1.94,-1.94,-2.18,-2.11,-1.81,-1.8,-2.34,-1.91,-2.13,-2.79,-2.74,-2.82,-2.91,-2.85,-2.42,-1.94,-1.49,-1.03,-0.26,0.05,1.2,2.36,1.73,1.9,2.16,1.43,1.4,1.39,1.94,0.38,-0.08,-0.02,-1.14,-1.65,-2.41,-1.78,-0.44,0.14,1.06,1.97,2.54,1.6,2.96,2.78,2.72,0.7,0.31,0.63,-1.21,-1.91,-1.84,-2.41,-2.84,-3.25,-2.67,-2.07,-1.07,0.02,-0.19,1.15,3.26,1.17
-2.32,-3.72,-4.54,-5.05,-5.17,-5.1,-5.38,-5.51,-5.05,-5.11,-4.96,-4.04,-3.29,-2.96,-3.14,-3.16,-3.03,-3.18,-3.83,-3.99,-3.76,-3.72,-3.64,-3.71,-3.01,-2.62,-2.09,-1.78,-1.64,-1.22,-0.94,-0.32,0.46,1.13,1.1,1.38,1.73,1.67,0.67,-0.06,0.5,0.98,0.44,0.39,-0.52,-1.03,-0.86,-0.95,-2.03,-2.71,-3.55,-3.63,-2.16,-0.91,-0.7,0.84,2.07,2.06,1.12,1.23,1.41,1.56,1.13,0.07,-1.35,-1.74,-3.03,-2.99,-4.3,-4.97,-4.7,-4.73,-5.32,-4.77,-3.19,-2.63,-2.25,-3.06
-5.51,-5.69,-6.07,-6.73,-6.62,-6.83,-6.74,-6.32,-5.74,-5.48,-4.9,-4.91,-4.99,-4.72,-4.34,-4.37,-4.31,-3.94,-4.61,-4.64,-4.6,-4.76,-4.65,-4.71,-4.54,-4.34,-4.13,-3.6,-2.63,-1.97,-1.41,-0.76,-0.72,-1.2,-1.32,-0.98,-1.09,-0.85,-1.24,-0.27,-0.21,-0.37,-0.47,-0.35,-1.28,-1.38,-1.42,-2.21,-3.25,-3.77,-4.3,-4.63,-3.59,-2.53,-1.98,-1.03,0.83,1.49,0.62,-0.09,-0.09,0.7,0.73,0.13,-1.9,-2.33,-3.39,-4.62,-5.87,-6.42,-6.15,-6.44,-7.18,-7.24,-6.17,-7.28,-6.06,-4.77
-7.05,-7.13,-7.59,-7.47,-7.45,-7.72,-8.16,-7.69,-7.16,-6.69,-5.89,-5.49,-4.99,-5.33,-5.65,-5.77,-5.39,-5.23,-4.74,-4.83,-5.27,-5.12,-5.16,-5.37,-5.47,-5.17,-5.34,-4.52,-4.3,-3.15,-3.04,-2.53,-2.63,-2.48,-2.86,-2.5,-2.42,-2.25,-1.73,-1.73,-1.3,-0.49,-0.67,-0.68,-1.26,-1.22,-1.82,-3.0,-4.07,-4.45,-5.04,-5.61,-4.9,-3.87,-3.24,-2.59,-1.37,-0.69,-0.12,-0.51,-0.81,-0.42,-0.34,-0.8,-2.14,-4.02,-4.48,-6.31,-7.51,-7.47,-7.73,-8.27,-8.62,-8.79,-8.39,-8.36,-7.69,-6.9
-8.13,-8.06,-7.92,-7.81,-7.78,-8.0,-8.28,-7.86,-7.62,-7.16,-6.22,-6.37,-5.91,-6.02,-5.76,-6.06,-5.58,-5.13,-4.93,-4.99,-5.2,-5.15,-5.17,-5.47,-5.5,-5.76,-5.57,-5.62,-5.13,-4.32,-4.31,-3.91,-4.07,-4.04,-4.26,-3.71,-3.39,-3.04,-2.19,-1.5,-1.08,-0.71,-0.41,-0.48,-0.77,-0.91,-1.59,-2.84,-4.25,-5.03,-5.85,-6.36,-6.11,-5.19,-4.23,-3.69,-3.04,-2.44,-1.69,-1.25,-1.58,-2.01,-2.39,-2.58,-4.03,-4.91,-6.05,-7.24,-7.94,-8.18,-8.94,-9.53,-9.69,-9.53,-9.3,-9.21,-8.76,-8.06
-8.71,-8.37,-8.19,-7.69,-7.64,-7.77,-7.76,-7.88,-7.72,-7.12,-6.66,-6.41,-6.27,-5.92,-5.67,-5.5,-5.06,-4.93,-4.77,-4.78,-4.67,-5.24,-5.22,-5.65,-5.8,-5.67,-5.83,-5.64,-5.31,-5.09,-4.77,-4.86,-4.89,-5.01,-4.88,-4.3,-3.79,-3.06,-1.95,-1.4,-1.01,-0.59,-0.59,-0.72,-0.65,-1.19,-1.63,-2.24,-3.57,-4.97,-5.93,-6.76,-6.84,-6.28,-5.62,-5.27,-4.26,-3.31,-2.44,-2.35,-2.91,-3.55,-3.7,-3.96,-5.3,-5.87,-6.75,-7.62,-8.19,-8.46,-9.32,-9.54,-9.69,-9.6,-9.68,-9.71,-9.62,-8.86
-8.56,-7.92,-7.58,-7.77,-7.63,-7.31,-7.36,-7.58,-7.47,-7.06,-6.82,-6.4,-6.12,-5.89,-5.73,-5.37,-5.01,-5.0,-5.02,-4.34,-3.96,-4.0,-4.5,-5.56,-5.56,-5.35,-5.75,-5.98,-5.56,-5.27,-5.28,-5.14,-5.19,-5.28,-4.88,-4.31,-3.58,-2.79,-2.12,-1.69,-1.36,-1.1,-1.04,-0.94,-1.12,-1.51,-1.95,-2.04,-2.41,-3.49,-4.81,-6.22,-7.12,-6.85,-6.02,-5.46,-4.57,-3.85,-3.38,-3.5,-3.9,-4.53,-4.49,-4.77,-5.6,-6.63,-6.99,-7.71,-8.5,-8.48,-9.28,-9.37,-9.41,-9.82,-10.17,-10.13,-10.09,-9.55
-8.47,-7.85,-7.64,-7.8,-7.62,-7.35,-7.48,-7.65,-7.73,-7.4,-6.72,-6.19,-5.98,-5.83,-5.62,-5.12,-5.06,-5.52,-5.35,-4.7,-4.4,-4.15,-4.15,-5.0,-4.79,-5.13,-5.47,-5.79,-5.99,-5.84,-5.46,-5.47,-5.56,-5.51,-5.1,-4.36,-3.64,-3.12,-2.57,-2.33,-2.13,-2.0,-1.82,-1.74,-1.97,-2.11,-2.21,-1.95,-1.73,-2.28,-3.6,-5.1,-6.2,-6.63,-6.0,-5.39,-4.93,-4.58,-4.14,-4.42,-4.59,-5.02,-4.62,-4.62,-5.33,-6.39,-6.86,-7.59,-8.35,-8.6,-9.03,-9.37,-9.5,-9.96,-10.44,-10.4,-10.25,-9.98
-8.98,-8.28,-7.91,-7.86,-7.55,-7.47,-7.7,-7.94,-8.05,-7.71,-7.01,-6.18,-5.79,-5.59,-5.34,-4.99,-5.15,-5.5,-5.9,-5.56,-5.03,-4.71,-3.83,-4.16,-4.18,-4.77,-5.13,-5.64,-6.1,-5.94,-5.48,-5.35,-5.21,-5.39,-5.32,-5.01,-4.46,-3.93,-3.38,-3.27,-3.47,-3.32,-3.11,-3.1,-2.79,-2.56,-2.33,-2.18,-1.56,-1.64,-2.48,-3.92,-5.08,-5.65,-5.57,-5.45,-5.23,-4.8,-4.78,-4.88,-4.88,-4.76,-4.57,-4.46,-4.7,-5.19,-5.78,-6.83,-7.74,-8.21,-8.54,-8.86,-9.16,-9.59,-10.03,-10.32,-10.22,-10.11
-9.49,-8.76,-8.08,-7.97,-7.77,-7.61,-7.23,-7.45,-7.51,-7.87,-7.36,-6.5,-5.87,-5.51,-5.06,-4.8,-5.0,-5.4,-5.94,-5.94,-5.92,-5.5,-5.23,-5.34,-4.29,-4.12,-4.25,-4.63,-5.2,-4.48,-5.08,-5.26,-5.41,-5.49,-5.49,-5.45,-5.14,-4.74,-4.35,-4.29,-4.61,-4.56,-4.61,-4.15,-3.9,-3.32,-2.8,-2.74,-2.3,-1.8,-1.88,-2.66,-3.62,-4.36,-4.79,-5.0,-5.03,-4.83,-4.83,-5.01,-4.82,-4.41,-4.18,-3.96,-3.74,-3.66,-3.93,-5.02,-6.4,-7.17,-7.64,-8.0,-8.2,-8.59,-9.11,-9.56,-9.76,-9.69
-9.54,-9.28,-8.67,-8.23,-8.16,-7.81,-7.51,-7.5,-7.28,-7.5,-7.7,-6.9,-6.18,-5.76,-5.29,-4.56,-4.68,-4.96,-4.9,-4.64,-5.93,-6.39,-6.14,-6.19,-6.21,-5.99,-5.63,-5.58,-6.02,-5.98,-4.92,-4.55,-5.12,-5.12,-5.45,-5.86,-5.6,-5.27,-5.19,-5.65,-5.83,-6.23,-6.23,-6.15,-6.01,-5.44,-5.01,-4.67,-4.22,-3.36,-2.55,-2.22,-2.42,-2.96,-3.57,-3.92,-3.99,-3.96,-4.01,-4.11,-4.05,-3.84,-3.45,-2.83,-2.19,-2.01,-2.24,-2.93,-3.88,-4.98,-5.99,-6.65,-6.92,-7.16,-7.55,-8.0,-8.33,-8.75
-9.28,-9.7,-9.88,-9.26,-9.38,-9.15,-8.38,-8.3,-7.8,-8.04,-7.77,-7.59,-6.28,-6.04,-5.41,-4.86,-4.49,-4.32,-3.77,-3.87,-4.34,-5.01,-6.76,-7.15,-6.7,-6.78,-6.86,-6.75,-5.77,-5.5,-5.17,-5.57,-5.74,-6.07,-6.41,-6.47,-6.03,-6.31,-6.27,-7.09,-7.36,-7.85,-8.02,-9.1,-10.31,-10.71,-9.88,-8.27,-6.84,-5.71,-4.61,-3.76,-3.04,-2.73,-2.69,-3.03,-3.16,-2.97,-2.99,-3.23,-3.39,-3.04,-2.55,-1.9,-1.21,-0.83,-0.98,-1.76,-2.11,-2.19,-3.0,-4.29,-5.03,-5.3,-5.63,-5.96,-6.2,-6.75
-9.6,-9.4,-10.54,-9.92,-10.0,-10.51,-9.58,-9.49,-9.15,-8.82,-8.32,-8.23,-7.32,-6.71,-6.04,-5.53,-5.15,-5.39,-5.3,-5.61,-5.57,-4.81,-3.63,-2.87,-3.41,-3.91,-4.51,-4.53,-4.59,-3.9,-4.18,-5.03,-6.82,-6.88,-6.92,-7.12,-7.36,-7.55,-7.91,-9.06,-9.07,-8.47,-9.29,-10.93,-11.65,-12.09,-12.56,-11.81,-10.17,-8.13,-7.06,-6.08,-5.02,-4.06,-3.49,-3.12,-3.01,-2.84,-2.46,-2.5,-3.07,-3.27,-2.53,-1.67,-1.01,-0.57,-0.82,-1.54,-1.88,-1.51,-1.08,-1.14,-2.11,-2.85,-3.35,-3.74,-4.02,-4.42
-9.13,-9.34,-10.27,-10.38,-10.27,-10.79,-10.36,-9.65,-9.72,-9.08,-8.4,-8.02,-8.24,-8.04,-7.19,-7.07,-5.97,-6.57,-6.8,-7.19,-7.36,-5.93,-4.93,-4.57,-3.55,-2.85,-2.13,-2.31,-2.18,-3.83,-5.34,-6.43,-6.44,-6.81,-7.04,-7.72,-8.53,-8.9,-9.42,-9.2,-9.44,-9.68,-10.64,-11.35,-12.2,-12.26,-13.01,-13.01,-11.76,-10.48,-9.31,-8.19,-7.16,-6.3,-5.6,-4.98,-4.49,-3.89,-3.43,-2.94,-2.75,-2.84,-2.71,-2.31,-2.07,-1.9,-2.0,-2.41,-2.59,-2.43,-1.96,-1.37,-0.85,-0.95,-1.4,-1.8,-1.99,-2.2
-8.8,-8.7,-9.33,-9.77,-9.82,-9.39,-8.73,-9.64,-9.2,-9.03,-8.66,-7.91,-7.68,-6.92,-7.73,-7.41,-7.61,-7.72,-6.92,-6.26,-6.34,-5.58,-5.13,-4.69,-4.65,-4.47,-4.03,-3.17,-2.93,-3.57,-4.66,-6.43,-6.7,-7.31,-8.12,-8.7,-9.31,-9.91,-10.63,-10.58,-10.23,-10.33,-11.24,-10.76,-11.03,-12.03,-12.98,-13.35,-12.41,-11.47,-11.3,-10.15,-9.21,-8.06,-7.34,-7.0,-6.51,-6.13,-5.67,-5.13,-4.45,-3.8,-3.64,-3.47,-3.27,-3.11,-3.03,-2.99,-2.84,-2.66,-2.44,-2.1,-1.54,-0.87,-0.46,-0.39,-0.4,-0.33
-8.18,-7.94,-8.31,-8.28,-8.8,-9.24,-9.23,-8.92,-8.82,-8.2,-7.08,-6.49,-7.61,-6.92,-6.41,-6.99,-7.06,-6.46,-6.35,-6.47,-6.95,-5.76,-5.5,-5.73,-6.1,-5.94,-5.52,-5.39,-5.38,-5.06,-5.64,-6.64,-7.8,-8.3,-9.01,-9.38,-9.83,-10.22,-10.93,-11.01,-10.94,-10.73,-10.98,-10.93,-10.61,-10.77,-11.79,-12.65,-12.35,-11.39,-11.18,-10.88,-10.56,-9.98,-9.42,-8.62,-7.77,-6.98,-6.31,-6.45,-5.86,-5.43,-5.26,-4.95,-4.51,-4.22,-3.83,-3.44,-3.06,-2.78,-2.49,-2.07,-1.66,-1.3,-0.88,-0.29,0.31,0.58
-7.42,-7.69,-7.21,-6.64,-7.38,-7.35,-8.52,-8.64,-7.69,-7.37,-7.42,-6.68,-6.29,-6.3,-6.5,-6.02,-6.25,-6.47,-6.77,-6.67,-6.91,-6.71,-6.8,-6.52,-7.15,-7.25,-6.8,-6.28,-5.77,-5.97,-7.03,-7.71,-8.26,-8.93,-9.66,-9.87,-10.02,-10.35,-11.08,-11.57,-11.52,-11.88,-11.54,-11.3,-11.15,-10.93,-11.79,-12.25,-12.02,-11.33,-11.95,-12.05,-10.8,-10.47,-10.03,-8.74,-7.42,-7.84,-6.82,-7.7,-7.26,-7.01,-6.59,-6.39,-6.16,-5.73,-5.49,-5.05,-4.48,-3.94,-3.39,-2.88,-2.15,-1.46,-0.86,-0.22,0.41,1.08
-6.82,-6.65,-6.23,-5.72,-6.04,-6.21,-7.33,-7.74,-7.51,-7.21,-7.16,-7.01,-6.99,-5.99,-5.59,-6.16,-6.35,-7.3,-7.08,-6.77,-6.97,-7.82,-7.54,-7.85,-8.11,-8.17,-7.76,-8.26,-8.26,-8.12,-8.91,-8.65,-8.6,-9.28,-9.78,-9.91,-9.87,-9.89,-10.7,-11.2,-11.86,-12.18,-11.72,-11.5,-11.11,-11.21,-10.91,-11.2,-10.67,-10.02,-10.19,-10.06,-9.9,-10.02,-9.04,-8.02,-8.04,-8.32,-8.36,-8.12,-7.44,-7.19,-7.5,-7.31,-6.83,-6.44,-6.62,-6.36,-5.98,-5.43,-4.8,-4.14,-3.35,-2.57,-1.75,-0.8,0.2,1.12
-5.76,-6.13,-5.76,-5.42,-4.75,-5.13,-5.12,-6.12,-7.07,-7.26,-6.81,-6.89,-6.71,-6.1,-5.77,-6.42,-7.39,-7.77,-6.97,-6.67,-6.99,-7.18,-6.61,-7.32,-8.08,-8.32,-8.45,-8.63,-9.26,-9.43,-9.61,-9.55,-8.8,-9.25,-9.19,-9.47,-9.53,-9.65,-10.51,-11.11,-11.53,-11.89,-12.64,-12.43,-11.64,-11.33,-10.73,-10.14,-9.31,-10.29,-10.75,-10.43,-10.17,-9.31,-8.55,-8.22,-9.09,-10.22,-9.97,-8.54,-7.54,-6.7,-6.43,-7.14,-6.93,-6.56,-6.85,-6.63,-6.2,-5.66,-5.14,-4.66,-4.25,-3.68,-2.76,-1.39,-0.26,0.46
-4.78,-4.86,-4.63,-4.37,-3.95,-3.89,-3.44,-4.25,-5.29,-6.13,-6.45,-5.97,-6.12,-6.66,-5.87,-7.49,-8.08,-7.59,-7.14,-6.3,-6.66,-6.49,-5.96,-6.56,-7.33,-7.77,-8.37,-8.79,-9.26,-9.5,-9.48,-9.5,-9.31,-9.55,-9.16,-9.37,-9.67,-9.71,-10.35,-10.87,-11.24,-11.41,-12.14,-12.47,-13.17,-12.66,-12.25,-10.93,-9.98,-10.0,-10.58,-9.76,-9.75,-8.84,-7.97,-8.49,-10.66,-12.74,-11.57,-9.49,-8.17,-7.48,-7.67,-7.85,-8.24,-8.12,-7.67,-7.14,-7.05,-7.64,-7.44,-7.12,-6.45,-5.73,-5.18,-4.88,-4.58,-3.5
