firecesium/firecesium/examples/data/grib2json/700wind3.json
{"header": { "discipline":0, "gribEdition":2, "gribLength":74985, "center":7, "subcenter":0, "refTime":"2016-08-28T12:00:00.000Z", "significanceOfRT":1, "productStatus":0, "productType":1, "productDefinitionTemplate":0, "parameterCategory":2, "parameterNumber":2, "parameterUnit":"m.s-1", "genProcessType":2, "forecastTime":3, "surface1Type":100, "surface1Value":70000.0, "surface2Type":255, "surface2Value":0.0, "gridDefinitionTemplate":0, "numberPoints":65160, "shape":6, "gridUnits":"degrees", "resolution":48, "winds":"true", "scanMode":0, "nx":360, "ny":181, "basicAngle":0, "subDivisions":0, "lo1":0.0, "la1":90.0, "lo2":359.0, "la2":-90.0, "dx":1.0, "dy":1.0 }, "data":
[rows 102 to 135 of 181, columns 78 to 155 of 360]
-0.7,-0.76,-1.72,0.22,1.12,2.7,4.59,5.53,6.25,6.33,6.34,6.13,5.82,5.28,5.33,4.79,3.35,1.5,0.77,2.11,3.95,5.25,6.52,6.67,5.75,6.06,5.77,5.59,6.05,6.45,5.04,4.03,3.63,3.24,2.6,2.96,2.97,3.0,2.96,3.18,3.65,4.1,4.31,4.63,5.06,5.84,6.3,5.46,4.49,4.29,3.96,4.52,5.04,5.11,5.29,6.37,6.6,4.47,2.83,2.41,2.8,2.62,2.04,1.42,0.44,-0.95,-1.66,-2.5,-2.73,-2.74,-2.8,-3.51,-3.79,-3.87,-4.01,-3.12,-3.3,-2.9
-1.96,-2.29,-2.63,-2.4,-0.01,1.08,2.92,4.54,5.69,6.05,6.1,6.65,6.66,6.15,5.66,4.52,2.84,-0.65,-1.91,1.17,2.71,4.78,5.37,6.27,6.36,6.11,5.98,6.08,6.59,7.06,6.38,5.98,5.4,4.91,4.7,4.23,4.16,4.53,4.73,4.88,5.26,5.8,6.18,6.23,6.62,6.78,6.88,6.7,6.34,5.18,4.76,5.42,5.05,4.36,2.09,4.97,2.93,4.61,4.18,3.98,4.45,4.39,3.37,2.59,2.3,2.46,0.97,0.21,-0.1,-0.41,-0.76,-1.23,-1.05,-1.16,-1.06,-0.75,-1.35,-1.7
-2.42,-2.34,-2.29,-2.32,-1.1,0.85,1.92,3.88,5.24,6.13,6.15,6.23,6.32,5.95,5.36,4.34,3.52,2.26,1.78,3.85,6.81,4.24,4.7,5.35,5.8,6.8,5.49,6.19,7.49,8.19,8.04,7.51,7.15,7.36,6.98,6.19,6.63,6.59,6.78,6.84,6.9,7.06,7.39,8.06,8.28,8.22,7.53,6.9,7.34,6.38,5.57,5.25,5.3,3.56,2.97,3.32,-0.25,-0.15,2.7,3.81,5.09,6.15,6.34,4.92,4.26,4.32,2.22,1.48,1.25,1.18,1.14,0.99,1.17,1.26,1.52,1.42,1.29,1.2
-1.52,-1.44,-1.27,-1.07,-1.37,0.07,2.7,3.42,5.28,6.37,6.79,6.74,6.31,6.56,6.01,5.18,5.15,4.09,4.44,0.95,2.8,4.55,3.92,4.04,4.8,6.12,6.65,6.05,7.01,6.88,8.4,8.63,8.61,8.48,7.99,8.1,8.71,8.62,8.8,8.86,8.96,8.89,9.22,9.7,9.58,8.55,7.52,6.2,8.48,6.91,6.17,5.89,7.15,4.35,3.81,3.49,-0.59,-1.6,-1.55,-0.95,-0.29,1.18,2.91,0.53,-1.11,-1.0,-1.56,-2.03,-1.99,-1.88,-1.59,-0.93,-0.11,0.77,1.48,2.06,2.53,2.84
-1.71,-0.46,0.08,-0.44,-0.19,0.08,1.35,3.64,4.84,6.62,7.68,8.55,8.42,9.12,6.92,7.09,6.92,5.99,5.55,2.91,0.23,1.08,1.14,1.43,2.63,2.36,6.8,8.13,7.51,8.24,9.36,9.96,11.48,11.21,11.31,11.56,10.72,11.43,11.64,11.69,11.67,11.07,10.94,10.92,9.98,9.45,8.83,8.52,7.58,7.5,5.74,8.23,7.93,4.24,4.78,2.39,-0.73,-1.67,-1.96,-1.84,-2.1,-2.16,-0.31,-1.39,-2.86,-3.16,-3.64,-3.56,-4.29,-4.5,-4.0,-3.29,-2.47,-1.38,-0.18,0.86,1.88,2.94
-2.19,-1.76,-1.21,-0.51,0.19,0.82,2.43,2.93,3.03,5.36,8.03,9.5,10.77,11.91,9.49,9.52,9.42,9.23,7.82,4.79,1.54,1.99,1.66,-0.25,1.72,5.15,6.28,9.13,10.19,10.94,12.27,13.75,13.65,13.24,13.74,13.71,14.17,13.87,14.15,14.82,14.32,13.7,13.2,12.74,11.66,10.53,11.3,9.52,6.92,0.73,8.68,11.0,9.89,7.66,6.0,4.83,0.98,0.39,-0.29,-0.88,-1.9,-1.4,-1.34,-1.53,-2.93,-4.75,-3.75,-4.71,-4.26,-4.28,-3.87,-3.11,-2.18,-1.06,0.28,1.69,2.78,3.61
-1.97,-2.1,-2.29,-1.74,-1.13,-0.16,1.99,2.65,4.32,4.87,5.8,8.59,9.99,10.48,10.76,10.68,11.93,11.44,10.3,8.15,2.99,-0.78,3.69,2.47,2.93,1.89,3.95,5.62,7.15,9.6,11.38,12.01,12.74,13.49,14.42,15.38,15.54,16.2,17.18,17.63,16.69,16.22,16.2,14.75,13.0,12.3,12.0,11.18,7.64,2.71,7.52,10.96,13.09,11.04,8.67,6.18,4.43,1.78,0.92,-0.02,-0.39,-0.72,-1.05,-1.76,-2.31,-4.4,-4.64,-5.01,-5.09,-5.01,-4.49,-3.81,-2.86,-1.64,-0.4,0.68,1.85,3.33
-1.63,-1.6,-1.83,-1.9,-2.22,-1.71,-1.17,0.14,1.95,2.32,3.36,6.15,7.26,7.71,6.8,8.75,11.22,12.31,10.61,6.97,6.15,5.0,3.61,5.38,6.01,6.28,7.58,8.89,10.19,12.72,12.94,12.59,13.83,15.98,17.12,17.19,16.31,15.96,15.77,16.12,16.43,15.84,14.49,13.17,12.97,12.94,14.09,12.0,9.85,6.41,8.33,11.73,13.52,13.09,9.88,7.11,6.4,3.71,1.73,0.76,0.76,0.64,-0.32,-0.73,-2.55,-3.78,-5.11,-5.14,-4.72,-4.67,-4.07,-3.33,-2.13,-0.79,0.39,1.32,2.14,2.85
-1.04,-1.12,-0.89,-1.3,-1.6,-2.52,-2.4,-2.13,-1.47,-0.51,0.27,0.49,1.07,2.1,3.65,6.15,8.74,11.06,10.17,9.5,6.21,6.33,6.31,7.65,8.45,9.82,11.42,12.23,12.43,13.36,14.73,16.13,18.14,19.99,21.16,22.2,22.5,21.17,20.24,20.03,20.65,21.97,22.85,21.7,17.83,13.51,13.05,14.27,10.51,11.25,8.59,9.83,11.63,13.7,9.76,8.51,7.43,5.57,3.01,1.96,1.98,2.02,0.88,0.23,-1.75,-3.41,-3.9,-4.71,-4.29,-4.06,-3.99,-3.31,-2.5,-1.5,-0.28,0.87,1.97,3.17
0.35,0.08,0.02,0.17,-0.27,-1.06,-1.66,-1.56,-1.34,-1.19,-1.1,-0.9,-0.72,-0.31,0.4,1.89,3.93,6.0,8.09,8.6,8.68,7.14,6.81,8.01,9.67,11.53,13.72,15.23,17.22,18.91,19.75,19.86,19.44,18.52,15.9,12.85,11.88,13.5,17.84,18.41,17.21,16.03,14.45,14.47,15.15,15.75,16.16,17.17,15.85,11.19,10.11,11.1,11.32,14.15,12.04,10.02,8.75,6.39,4.26,3.48,3.8,3.7,2.39,0.26,-1.87,-2.49,-2.84,-3.84,-3.61,-3.57,-4.08,-3.67,-3.16,-2.12,-0.99,0.27,1.59,2.91
1.41,1.64,1.85,1.31,1.26,0.86,0.2,-0.26,-0.58,-0.82,-1.19,-1.4,-1.56,-1.84,-1.63,-1.55,-0.52,0.89,2.59,4.54,6.07,7.52,8.23,7.41,6.91,5.65,5.31,6.39,7.55,8.57,9.52,10.31,10.85,11.03,11.12,11.27,11.38,11.81,12.2,12.71,11.66,12.25,15.44,15.29,16.27,14.7,14.25,14.97,15.63,17.31,13.46,11.16,13.24,14.88,15.56,10.44,10.08,7.7,5.68,4.81,5.19,4.45,4.21,2.2,-0.71,-1.31,-1.54,-2.68,-2.46,-2.9,-3.88,-3.49,-3.14,-2.08,-1.01,0.3,1.51,2.75
3.6,3.01,2.76,3.58,3.11,2.47,1.7,1.25,0.6,0.27,-0.37,-0.79,-1.06,-1.27,-2.02,-2.93,-3.77,-4.22,-4.23,-3.72,-2.72,-1.8,-1.11,-0.3,0.58,1.56,2.87,4.39,5.86,7.16,8.11,8.79,9.24,9.74,10.32,11.1,11.68,12.85,13.67,14.36,14.41,12.95,13.86,12.19,12.19,13.06,14.63,16.77,14.7,15.53,15.18,15.43,12.42,14.6,17.17,11.31,11.42,8.6,7.16,5.76,6.38,4.94,5.61,4.03,1.02,0.1,0.08,-0.77,-1.3,-2.14,-2.83,-3.11,-2.5,-1.96,-0.73,0.17,1.16,2.43
6.52,4.61,4.55,4.1,4.66,4.16,3.07,2.36,2.07,1.63,0.85,0.76,0.32,-0.12,-0.94,-1.78,-2.5,-2.98,-3.19,-3.26,-3.09,-2.78,-2.3,-1.53,-0.52,0.62,1.89,3.17,4.1,4.51,4.72,5.22,6.05,7.26,8.8,10.17,11.35,12.44,13.25,14.21,14.84,15.65,14.86,15.32,15.29,14.59,14.54,13.36,15.36,14.76,16.16,18.05,16.49,14.72,17.82,15.68,11.16,10.17,8.47,6.61,6.99,5.58,5.49,5.71,2.89,2.1,1.7,0.93,0.18,-0.45,-1.49,-1.56,-1.61,-1.27,-0.52,0.28,1.06,1.94
8.89,7.91,5.84,5.59,5.27,5.71,4.7,3.97,3.19,2.88,2.59,2.24,1.73,0.94,0.53,-0.42,-1.63,-2.21,-2.81,-3.02,-3.16,-3.03,-2.71,-2.38,-1.73,-0.78,-0.01,0.03,-0.39,-0.33,0.53,2.03,3.67,5.45,7.31,8.58,9.68,10.68,12.04,12.79,12.71,13.67,15.66,15.51,15.95,18.44,18.91,18.38,17.88,16.26,14.44,14.89,15.13,17.8,18.69,16.61,10.68,10.7,9.39,7.35,7.58,6.44,6.9,6.64,5.34,4.05,3.33,2.92,2.21,1.37,0.55,0.02,-0.45,-0.38,0.18,0.8,0.99,1.95
9.85,10.18,8.65,6.95,6.6,6.07,6.35,5.64,4.79,4.19,3.75,3.52,2.89,2.19,1.34,0.41,-0.61,-1.17,-1.78,-2.51,-2.94,-2.94,-2.99,-2.72,-2.64,-3.11,-3.78,-4.04,-3.31,-1.65,0.3,2.02,3.32,4.65,5.94,6.31,6.69,7.06,8.42,10.02,10.96,12.44,12.38,13.2,14.34,15.27,17.23,19.77,21.23,19.47,18.65,17.58,14.79,15.76,18.41,17.96,12.35,10.21,9.6,9.47,8.3,7.95,8.19,7.58,7.17,6.25,5.28,4.89,3.53,3.37,2.7,1.95,1.56,-0.19,1.18,1.09,1.77,2.64
8.71,8.25,10.81,9.1,7.71,7.48,6.73,7.1,6.4,5.73,4.83,4.71,3.86,3.43,2.24,1.55,0.8,0.14,-0.83,-1.71,-2.05,-2.38,-2.55,-3.23,-4.14,-4.81,-4.83,-3.99,-2.32,-0.53,0.94,1.88,2.59,3.52,4.29,4.73,4.62,7.13,8.93,11.18,12.52,14.26,14.35,15.35,16.61,17.34,18.11,17.97,18.62,20.32,19.15,18.06,17.99,15.83,15.29,17.18,14.68,11.09,11.46,10.14,9.84,9.83,9.41,8.82,8.69,7.68,6.99,6.28,5.31,4.99,4.46,3.48,3.25,2.52,1.54,2.41,2.57,3.73
13.49,9.68,7.93,10.34,9.75,8.3,8.14,7.31,7.79,7.07,6.43,5.84,5.04,4.4,3.67,3.04,2.37,1.45,0.51,-0.33,-0.88,-1.66,-2.49,-3.58,-4.15,-4.23,-3.56,-2.37,-0.95,0.26,0.85,1.43,1.88,2.4,2.91,3.64,5.79,6.4,8.92,9.57,11.17,12.5,13.69,15.17,15.68,16.92,18.72,20.29,20.73,20.53,21.16,18.14,17.8,18.39,16.53,14.77,13.1,13.92,11.26,11.17,10.24,10.04,10.63,10.01,9.85,9.03,8.55,7.84,7.56,6.62,6.0,5.19,4.64,4.85,3.76,4.09,4.4,5.47
17.05,16.33,10.8,9.91,11.09,10.31,9.05,8.06,8.07,8.4,7.63,7.12,6.83,5.61,5.14,4.95,3.89,2.88,2.04,1.14,0.16,-0.99,-2.14,-2.88,-2.94,-2.57,-1.87,-0.95,-0.03,0.55,0.9,1.02,1.23,1.98,2.02,2.34,4.17,5.33,5.6,5.06,7.18,8.09,7.23,7.78,10.91,13.37,15.26,17.78,20.07,20.49,20.21,20.97,18.79,17.09,18.54,15.85,15.79,18.62,16.53,11.93,8.85,8.27,8.07,9.59,10.31,10.34,9.76,10.1,9.27,8.42,7.83,7.38,6.89,6.53,6.7,5.73,6.09,6.98
16.76,17.63,18.12,14.35,11.06,12.64,10.5,9.58,8.52,9.37,8.95,8.39,8.37,7.35,6.71,6.55,5.44,4.34,3.68,2.43,1.12,-0.06,-1.2,-1.46,-1.18,-0.83,-0.31,0.2,0.42,0.66,0.85,0.83,0.93,1.14,1.45,1.43,2.07,3.55,2.57,3.76,3.12,0.18,1.95,6.82,10.11,11.11,11.56,13.26,16.07,18.07,17.44,18.41,19.56,18.66,16.82,18.17,15.41,19.87,22.24,16.8,8.88,7.98,6.03,9.05,10.28,10.23,10.83,11.76,10.42,10.33,9.8,9.88,9.89,9.12,9.19,8.3,8.78,9.75
15.4,16.3,17.49,19.13,17.67,13.0,13.94,11.43,10.2,9.89,10.26,10.0,9.52,9.02,8.58,8.21,7.28,5.99,5.07,3.82,2.45,1.02,0.13,0.14,0.43,0.66,1.06,1.07,0.82,0.95,0.71,0.33,0.2,0.64,0.55,-0.09,0.15,1.17,1.54,2.08,2.76,3.95,6.81,9.41,9.72,11.08,12.37,14.07,14.79,16.23,14.63,15.51,17.75,17.03,16.5,18.08,16.99,15.64,18.2,20.2,12.21,4.75,6.67,8.62,9.5,10.16,11.78,11.36,11.33,11.79,11.09,11.81,12.3,12.46,12.35,11.93,12.22,12.06
14.28,15.03,16.07,17.6,20.42,20.25,15.66,14.28,13.11,11.34,11.3,11.29,11.2,10.74,10.18,9.69,9.07,7.67,6.65,5.38,4.11,2.74,1.73,1.32,1.57,1.96,2.15,1.95,1.47,0.96,0.39,0.09,-0.68,-0.36,-0.04,-1.29,-1.67,-0.79,1.6,3.03,6.21,8.86,9.44,10.21,11.31,11.75,12.65,14.41,14.55,13.88,13.63,11.58,14.58,15.38,14.33,14.31,15.07,13.54,13.22,12.29,11.76,6.21,5.68,6.63,8.21,10.35,11.4,11.65,12.49,11.43,11.35,12.6,13.65,13.77,13.25,13.32,12.55,12.14
12.79,13.81,15.07,16.41,17.76,20.61,23.47,19.43,14.69,15.53,12.75,12.61,12.72,12.58,11.85,11.12,10.56,9.27,8.31,7.2,6.0,4.92,3.53,2.47,2.4,2.68,3.04,2.88,2.22,1.15,0.28,-0.36,-1.47,-1.41,-1.0,-1.68,-2.54,-2.0,-0.23,2.07,4.57,6.4,7.17,8.91,11.35,12.72,11.62,13.76,13.13,11.51,7.71,7.69,11.53,13.39,11.28,11.34,10.48,10.98,6.17,5.13,9.22,7.76,4.08,5.98,7.17,8.41,10.21,12.06,11.59,9.84,11.24,10.93,11.46,11.42,11.24,11.79,11.13,11.57
13.05,12.76,13.53,14.78,16.59,18.52,20.97,24.7,22.88,16.06,17.64,14.68,13.87,14.03,13.81,12.72,12.02,10.91,9.92,8.84,7.8,6.92,5.5,4.23,3.54,3.58,3.88,3.75,2.91,1.36,0.18,-0.76,-1.87,-2.26,-2.37,-2.76,-3.12,-2.8,-2.71,-0.39,2.31,3.29,4.68,6.44,7.08,9.42,8.74,9.48,8.4,6.32,2.81,3.27,7.18,10.5,7.58,7.63,8.02,7.33,2.4,4.12,6.44,5.08,2.94,4.26,5.39,6.4,7.79,9.02,9.72,10.02,8.96,8.44,8.88,8.48,9.6,10.09,10.53,10.14
14.88,14.0,14.0,14.86,16.11,17.52,19.38,21.74,25.01,24.99,17.64,18.67,16.45,15.1,15.47,14.86,13.78,12.53,11.57,10.56,9.5,8.8,7.52,6.53,5.67,5.37,5.3,5.01,3.64,1.55,0.11,-0.99,-1.99,-2.42,-3.35,-3.79,-3.84,-4.47,-4.0,-2.67,-1.11,-0.77,0.11,-0.05,1.82,2.28,2.78,0.4,-0.62,2.35,2.11,3.22,2.99,4.98,4.41,5.38,4.91,2.94,1.72,3.85,3.48,0.22,2.57,3.64,4.22,5.58,7.04,8.25,6.74,7.91,6.57,6.85,6.52,7.51,8.52,9.89,9.99,9.36
15.93,16.57,17.75,17.18,17.69,18.56,19.34,20.57,22.73,25.07,25.97,18.41,18.6,17.31,16.44,16.54,15.8,14.35,13.25,12.33,11.18,10.36,9.34,8.48,7.74,7.15,6.79,6.08,4.25,1.66,0.23,-0.99,-1.56,-2.29,-2.88,-3.87,-4.33,-4.6,-4.78,-5.44,-4.27,-4.43,-4.3,-3.59,-3.39,-5.92,-4.82,-2.31,-2.29,0.17,1.89,3.33,1.51,0.42,2.72,4.69,4.88,2.79,2.74,2.06,-1.19,0.49,2.62,4.14,4.76,5.66,5.58,5.38,5.53,6.4,6.29,6.72,7.04,7.79,8.76,8.22,9.52,10.54
19.79,20.04,20.63,20.05,20.3,20.39,20.78,20.77,20.78,21.7,25.11,25.07,18.0,18.14,17.8,17.67,17.57,16.51,15.02,13.9,12.81,11.92,10.84,9.83,8.99,8.13,7.58,6.36,4.17,1.8,0.57,-0.7,-1.16,-1.64,-2.08,-2.85,-3.6,-4.51,-5.52,-6.37,-7.1,-5.72,-7.29,-7.23,-6.92,-8.2,-8.02,-8.55,-7.55,-5.04,-3.18,-1.7,-0.5,-0.42,1.71,2.5,4.76,3.64,5.33,-2.15,0.69,2.37,3.58,3.08,3.3,4.23,4.54,5.21,5.15,6.22,6.66,7.39,8.52,8.91,8.85,10.38,10.85,11.09
22.86,24.46,24.05,25.0,23.84,22.82,21.49,21.31,22.09,22.05,22.08,24.48,24.56,17.87,17.98,18.35,18.79,18.39,17.13,15.56,14.24,13.48,12.26,10.95,9.82,8.73,7.57,6.08,3.99,2.09,0.97,-0.17,-0.66,-1.17,-1.59,-2.27,-3.06,-3.92,-5.12,-6.82,-7.58,-8.77,-8.35,-8.67,-8.92,-10.3,-11.74,-13.74,-12.19,-10.48,-9.33,-7.78,-5.03,-2.59,-1.01,0.61,3.82,5.33,2.95,-1.99,1.88,4.32,5.47,4.09,4.19,5.32,5.39,5.34,6.91,7.59,8.05,8.34,8.16,9.2,10.06,10.2,10.25,10.57
25.92,26.3,25.68,25.05,25.51,24.29,22.71,22.48,22.12,23.4,24.95,24.27,24.94,24.17,18.36,18.41,19.48,19.69,18.94,17.6,15.65,14.72,13.55,12.06,10.8,9.36,7.69,6.29,4.41,2.75,1.65,0.53,-0.12,-0.78,-1.37,-2.37,-3.35,-4.38,-5.09,-6.15,-7.89,-8.65,-9.98,-9.73,-11.58,-9.71,-7.59,-7.21,-7.26,-9.17,-8.51,-8.08,-6.89,-5.81,-3.55,-0.57,3.9,4.31,-3.09,-0.78,2.38,5.91,6.36,5.69,5.32,5.76,6.29,6.97,8.43,7.44,7.47,7.26,8.03,8.65,8.57,9.01,9.46,9.99
26.31,25.66,24.9,24.16,23.66,23.33,23.54,22.14,21.55,22.21,23.5,25.01,24.53,25.39,23.73,18.63,19.52,20.6,20.31,19.28,17.23,15.85,14.68,13.24,11.88,10.29,8.48,7.04,5.46,4.07,2.85,1.75,0.75,-0.18,-1.0,-2.26,-3.63,-4.83,-5.8,-6.16,-7.05,-8.61,-8.86,-11.08,-12.64,-13.89,-14.16,-13.57,-13.05,-11.04,-8.46,-7.52,-6.32,-4.57,-2.93,-1.23,-0.74,-3.57,-3.44,0.14,4.67,7.21,6.74,5.91,6.21,6.97,7.98,7.49,7.0,7.08,6.79,7.31,7.51,7.61,8.09,8.62,9.1,9.7
25.43,24.37,22.84,22.59,23.03,22.14,21.02,21.32,21.85,22.08,22.44,23.9,24.75,24.25,25.75,22.58,19.19,20.75,21.33,20.52,18.86,17.01,15.86,14.41,12.89,11.4,9.59,7.95,6.77,5.77,4.68,3.24,1.99,0.8,-0.18,-1.24,-2.7,-4.25,-5.75,-6.46,-6.92,-7.58,-9.12,-8.7,-9.87,-13.3,-15.22,-16.18,-15.23,-13.2,-12.88,-12.89,-12.15,-11.29,-10.26,-9.13,-7.51,-5.09,-1.58,1.73,3.33,3.98,5.22,6.73,7.51,6.79,5.71,5.76,6.29,6.83,6.93,6.74,7.69,8.17,8.99,9.12,9.62,9.97
24.28,22.39,21.84,21.26,20.61,20.11,20.44,20.56,20.08,21.47,22.92,23.36,24.38,24.82,24.85,25.54,21.42,20.46,21.81,21.59,20.23,18.23,17.01,15.52,13.99,12.6,10.8,9.07,8.05,7.45,6.46,4.83,3.2,1.95,1.0,0.05,-1.06,-2.6,-4.48,-6.04,-6.93,-7.5,-7.74,-8.59,-9.48,-9.25,-8.86,-9.68,-10.75,-11.94,-13.69,-14.57,-14.12,-12.82,-11.15,-9.15,-6.85,-4.21,-1.47,1.32,3.78,5.16,5.13,4.52,4.6,5.42,6.13,6.7,7.71,8.12,7.99,8.15,9.4,10.29,10.94,11.44,11.76,11.56
20.98,20.37,20.29,20.94,20.25,20.04,20.05,20.62,21.6,22.37,22.84,22.84,23.35,24.58,25.0,25.5,23.89,21.03,21.85,22.28,21.46,19.59,18.16,16.72,15.31,13.94,12.27,10.51,9.44,8.81,7.87,6.2,4.37,2.95,2.06,1.28,0.37,-0.84,-2.51,-4.43,-6.13,-7.21,-7.81,-7.41,-7.87,-8.83,-10.07,-11.05,-11.73,-11.89,-11.92,-11.65,-11.03,-10.06,-8.77,-7.19,-5.42,-3.72,-2.26,-0.95,0.44,2.05,3.67,5.1,6.35,7.54,8.39,9.1,9.76,9.54,11.38,12.2,12.34,13.02,13.55,13.6,13.4,12.75
21.26,21.65,20.63,21.16,22.22,19.75,18.53,18.83,20.02,21.22,22.11,22.2,23.47,25.07,25.45,25.61,25.04,22.45,21.65,22.72,22.31,21.12,19.52,18.32,17.01,15.66,14.14,12.25,11.07,10.24,9.16,7.67,5.85,4.25,3.12,2.47,1.76,0.97,-0.13,-1.86,-4.0,-5.71,-7.14,-7.99,-7.67,-8.28,-9.66,-10.91,-12.02,-13.06,-13.61,-13.66,-13.22,-12.32,-10.97,-9.23,-7.21,-5.06,-2.92,-0.82,1.15,3.01,4.77,6.4,7.88,9.18,10.36,11.39,12.4,12.64,13.31,14.09,14.39,14.66,14.6,14.35,13.97,13.58
18.02,19.48,21.13,21.66,22.11,21.78,20.12,18.57,18.87,20.55,20.97,19.82,20.37,23.91,25.54,25.64,25.78,23.66,21.98,22.39,23.12,22.39,21.22,20.23,19.03,17.76,16.37,14.49,12.81,11.86,10.81,9.47,7.89,6.39,4.95,4.08,3.43,2.76,2.13,1.22,-0.35,-2.48,-4.43,-6.43,-8.55,-10.16,-11.75,-13.14,-13.92,-14.06,-13.72,-13.05,-12.15,-11.07,-9.78,-8.2,-6.33,-4.21,-1.92,0.54,2.82,4.78,6.53,8.1,9.44,10.77,12.09,13.24,14.2,15.09,15.63,15.7,15.75,15.72,15.53,15.41,15.3,15.25
