firecesium/firecesium/examples/data/grib2json/700wind3.json
{"header": { "discipline":0, "gribEdition":2, "gribLength":76751, "center":7, "subcenter":0, "refTime":"2016-08-28T12:00:00.000Z", "significanceOfRT":1, "productStatus":0, "productType":1, "productDefinitionTemplate":0, "parameterCategory":2, "parameterNumber":3, "parameterUnit":"m.s-1", "genProcessType":2, "forecastTime":3, "surface1Type":100, "surface1Value":70000.0, "surface2Type":255, "surface2Value":0.0, "gridDefinitionTemplate":0, "numberPoints":65160, "shape":6, "gridUnits":"degrees", "resolution":48, "winds":"true", "scanMode":0, "nx":360, "ny":181, "basicAngle":0, "subDivisions":0, "lo1":0.0, "la1":90.0, "lo2":359.0, "la2":-90.0, "dx":1.0, "dy":1.0 }, "data":
[rows 36 to 71 of 181, columns 0 to 80 of 360]
0.14,1.0,2.69,4.39,6.28,7.84,10.84,14.69,16.38,15.15,12.32,10.03,8.69,8.21,6.12,3.02,2.15,3.39,4.46,4.8,5.8,6.85,7.02,6.56,6.4,5.54,4.73,3.77,2.42,0.6,-1.34,-3.16,-4.89,-6.08,-7.18,-7.9,-8.38,-8.64,-8.81,-8.98,-9.27,-9.57,-9.58,-9.43,-8.97,-8.23,-7.17,-6.36,-5.41,-4.9,-3.79,-3.21,-3.18,-3.03,-3.13,-2.59,-2.11,-2.93,-3.04,-2.6,-2.96,-3.67,-3.73,-4.55,-5.43,-6.15,-6.83,-7.03,-7.11,-7.85,-8.07,-6.39,-5.27,-4.14,-3.44,-1.59,2.84,7.0,13.21,11.59,13.74
0.87,2.36,3.93,5.92,7.75,9.94,13.22,16.74,17.21,12.47,10.71,8.12,7.6,6.35,3.04,0.33,0.56,2.02,2.06,2.95,5.95,7.6,7.53,6.81,6.63,5.97,5.12,3.95,2.63,1.18,-0.54,-1.81,-2.86,-3.98,-5.18,-6.37,-7.7,-8.72,-9.08,-9.07,-8.78,-8.37,-8.03,-7.71,-7.63,-7.45,-7.31,-7.0,-6.12,-5.43,-5.35,-4.99,-4.52,-4.29,-4.28,-4.49,-4.59,-4.69,-4.35,-3.59,-4.02,-3.92,-4.36,-5.04,-5.44,-6.26,-6.89,-7.64,-8.29,-9.2,-9.35,-7.19,-5.18,-4.05,-3.03,0.68,5.07,7.4,9.06,16.23,15.5
0.52,1.36,4.35,7.48,9.87,12.22,15.25,17.06,13.23,9.71,5.47,5.06,5.33,3.81,0.44,-0.08,1.27,1.23,0.82,3.49,7.52,8.28,7.86,7.04,6.59,6.14,5.06,4.16,3.25,1.94,0.66,-0.71,-1.98,-3.36,-4.61,-5.79,-6.71,-7.37,-7.69,-7.55,-7.61,-7.68,-7.73,-7.81,-7.99,-7.92,-7.41,-6.88,-6.63,-6.31,-5.87,-5.69,-6.02,-6.16,-6.13,-6.22,-6.42,-6.01,-5.17,-4.49,-3.99,-3.75,-4.28,-4.62,-5.14,-5.84,-6.6,-7.59,-8.1,-8.67,-9.11,-7.64,-4.68,-3.19,-1.01,4.07,6.15,5.68,11.38,15.31,15.53
3.64,5.73,6.63,9.55,11.43,13.91,15.53,13.41,10.69,7.8,4.36,2.81,3.34,2.08,0.47,1.56,2.7,1.79,1.67,3.8,7.19,7.38,7.34,6.83,6.17,4.8,4.22,3.91,3.45,2.73,1.69,0.55,-0.69,-1.74,-2.87,-4.02,-5.07,-6.04,-6.67,-6.88,-6.83,-6.77,-6.84,-7.16,-7.46,-7.78,-7.43,-7.47,-7.41,-7.38,-7.53,-7.58,-7.42,-7.5,-7.64,-7.65,-7.17,-5.93,-4.53,-3.68,-3.13,-3.67,-4.38,-4.82,-5.15,-5.59,-6.11,-6.86,-7.56,-7.36,-6.77,-5.51,-2.45,1.27,5.76,5.46,4.85,6.92,10.96,13.43,10.82
5.46,7.74,9.25,10.34,12.59,13.74,12.77,10.1,6.25,4.08,3.43,1.52,1.46,1.0,-0.43,0.74,2.72,2.12,1.2,3.14,4.93,5.67,6.02,5.69,5.02,4.39,4.1,3.98,3.42,2.61,1.98,1.19,0.44,-0.33,-1.26,-2.32,-3.49,-4.42,-5.09,-5.56,-5.9,-6.27,-6.62,-7.1,-7.58,-7.9,-8.55,-8.77,-8.95,-8.88,-8.66,-8.39,-8.35,-8.2,-7.55,-6.7,-5.95,-4.49,-3.7,-3.66,-3.02,-3.39,-3.95,-4.47,-5.21,-5.43,-5.58,-5.32,-5.07,-4.41,-2.11,2.06,6.05,6.22,5.93,5.79,4.46,6.26,8.72,8.06,3.82
6.61,8.07,9.39,11.09,11.57,11.12,10.44,6.78,3.94,4.24,1.34,0.48,1.01,0.74,-0.53,-0.21,0.89,0.86,-0.11,2.32,2.69,3.28,3.97,4.32,3.8,3.58,3.34,3.0,2.52,2.38,1.87,1.74,1.17,0.28,-0.73,-1.9,-2.88,-3.74,-4.25,-4.42,-4.52,-4.77,-5.3,-6.1,-6.87,-7.44,-7.94,-8.44,-8.95,-9.26,-9.22,-8.86,-7.88,-6.53,-4.89,-4.8,-3.89,-2.93,-3.07,-2.9,-2.88,-2.69,-3.69,-4.72,-5.15,-4.87,-3.66,-2.55,0.11,4.0,6.75,6.47,5.07,3.93,4.75,5.62,7.73,5.48,4.58,2.37,-0.31
7.45,7.98,9.59,9.64,9.8,8.46,5.27,4.39,3.24,2.13,1.75,0.57,0.19,0.92,1.04,0.3,-0.5,-0.85,0.43,0.84,0.97,0.93,1.85,2.08,1.82,1.34,1.5,1.2,1.17,0.54,1.18,1.91,2.3,2.06,1.17,-0.27,-1.46,-2.3,-2.58,-2.93,-3.01,-3.31,-3.91,-4.64,-5.57,-6.72,-7.84,-8.84,-9.19,-8.91,-7.63,-5.48,-3.39,-2.22,-2.03,-2.42,-2.8,-3.12,-2.93,-2.92,-3.24,-2.89,-3.42,-3.0,-3.23,-2.63,-0.96,2.43,5.91,5.73,4.66,2.83,1.62,3.07,3.45,1.96,0.2,1.3,1.91,1.03,0.43
7.48,8.48,8.39,7.95,8.31,6.25,5.13,2.89,2.13,-1.0,-1.48,-0.81,1.98,1.33,-0.33,0.07,-0.13,0.03,-0.48,-1.11,-0.79,-0.6,0.25,0.34,1.12,-0.68,-0.68,-1.08,-1.02,-0.32,1.08,1.93,1.91,1.33,0.79,0.02,-0.93,-1.44,-1.83,-2.17,-2.25,-2.35,-2.77,-3.32,-4.31,-5.66,-6.57,-6.85,-5.87,-4.37,-4.75,-3.21,-1.16,0.05,-0.82,-1.07,-1.48,-1.65,-1.82,-2.87,-3.6,-4.24,-4.81,-3.92,-2.61,-0.54,2.17,3.31,2.73,1.62,0.68,0.47,0.32,0.17,-1.5,-4.34,-1.17,2.6,-0.61,-3.09,-1.22
7.08,7.68,7.84,8.11,5.77,3.54,1.99,-0.11,-0.43,-0.35,-0.18,1.88,0.67,1.59,0.27,0.09,-0.28,-1.05,-2.63,-2.13,-1.71,-1.55,-1.09,-1.29,0.0,0.15,-2.22,-2.15,-1.85,-1.57,-0.47,1.76,2.7,1.67,0.94,-0.24,-1.07,-2.03,-2.12,-1.89,-1.42,-1.19,-1.29,-1.69,-2.76,-4.09,-4.62,-4.57,-5.9,-5.7,-3.23,-2.5,-1.14,0.17,0.01,-1.01,2.1,1.75,1.38,-2.98,-6.29,-4.66,-2.87,-2.28,-1.63,-1.18,2.15,1.55,0.3,-0.82,-1.25,-1.4,0.72,0.16,-3.12,-1.04,4.32,3.6,-0.99,0.48,8.57
6.91,7.27,5.55,6.67,1.44,-2.14,0.39,0.07,-2.39,0.23,0.22,1.45,1.52,1.76,0.88,0.62,-1.28,-2.36,-3.93,-2.58,-2.49,-2.59,-1.19,-2.14,-1.79,-3.52,-5.09,-4.82,-4.69,-3.8,0.08,2.15,2.39,2.35,0.85,-0.16,-2.2,-2.8,-4.3,-3.07,-1.79,-1.63,-0.69,0.37,-1.01,-2.48,-4.54,-3.8,-3.39,-3.74,-3.05,-1.84,-1.62,-2.12,-2.15,-1.27,0.65,1.09,0.57,-2.23,-3.49,-3.75,-3.09,-2.58,-3.07,-1.15,0.35,-1.15,0.32,3.74,5.27,4.5,0.78,3.79,7.94,6.7,2.32,-0.17,0.3,1.32,0.71
6.2,5.04,3.96,5.55,1.45,-4.71,-4.44,-7.22,-1.61,-0.09,-0.37,1.73,0.57,0.59,0.96,0.11,-1.92,-3.75,-5.56,-3.45,-2.94,-2.57,-2.39,-0.81,-2.36,-4.13,-6.34,-6.89,-6.53,-3.83,0.08,2.26,3.05,4.15,2.38,1.31,-0.89,-6.23,2.65,0.2,0.02,-0.55,-1.1,0.76,0.79,-0.32,-2.78,-2.56,-3.36,-2.98,-2.54,-2.32,-1.87,-2.59,-0.57,0.66,0.77,-0.38,-0.09,-1.59,-3.39,-2.89,-2.89,-2.51,-1.01,-0.95,-2.97,-0.14,0.81,3.71,2.49,2.69,4.98,5.64,4.71,1.73,5.82,5.94,0.3,-0.93,-0.16
4.63,3.05,2.55,1.25,2.93,-2.31,-5.72,-3.93,-2.45,-2.54,-1.57,0.83,0.48,2.37,1.93,-0.96,-2.49,-3.59,-5.97,-4.88,-4.8,-1.71,-1.46,-2.37,-3.63,-4.59,-6.23,-5.94,-5.11,-3.78,-1.4,2.13,5.43,5.26,3.09,1.17,0.01,1.41,3.79,4.41,4.73,3.22,2.41,2.77,2.67,0.79,1.82,-0.4,-2.23,-2.82,-2.85,-2.06,-2.06,-1.47,-0.91,2.04,1.71,-1.13,-1.86,-2.05,-0.41,-3.76,-4.15,-0.7,-0.71,-3.19,-2.86,1.24,0.61,2.05,2.38,4.34,-0.95,-1.98,-3.78,-3.6,-1.86,-1.47,-0.16,-1.04,-3.42
4.14,1.87,-0.11,0.94,-0.44,-1.29,-5.63,-5.9,-4.33,-3.19,-2.18,-0.84,-0.21,-0.01,1.91,-1.76,-4.2,-5.15,-7.05,-5.69,-5.22,-3.85,-2.71,-1.36,-4.0,-7.08,-8.18,-5.59,-4.15,-2.84,-0.99,3.54,5.55,3.82,2.35,0.61,0.65,3.18,4.06,2.77,4.6,5.06,4.47,1.17,0.59,-0.5,-1.0,0.17,-1.13,-2.03,-1.94,-2.4,-1.62,-0.58,1.33,0.5,-3.0,-3.46,-4.13,-3.58,-5.07,-4.49,-1.82,-0.65,-3.23,-4.74,-2.34,4.52,4.0,2.5,-0.92,1.96,1.33,0.38,-1.56,-1.06,-2.1,-0.35,-1.15,-0.15,-2.46
5.94,0.67,0.91,-1.45,-3.92,-3.67,-4.61,-7.76,-5.33,-3.35,-2.2,-2.27,-1.51,-0.9,-0.37,-2.23,-4.71,-6.58,-7.85,-6.42,-5.82,-3.34,-3.9,-5.43,-8.09,-6.99,-6.24,-5.15,-2.32,-0.46,2.39,4.37,3.7,3.54,2.23,2.47,3.27,3.44,3.58,4.75,5.72,7.54,4.06,1.52,5.98,3.57,1.35,-0.46,-2.35,-2.86,-1.98,-2.32,-1.06,-0.97,-0.12,-0.97,-3.35,-3.62,-3.37,-3.59,-2.38,-0.21,-2.56,-1.38,-2.41,-3.44,-0.43,2.55,-2.15,-0.42,0.94,0.43,2.7,3.16,1.92,-1.83,-1.78,-1.04,1.16,-1.37,-1.83
-1.61,-0.48,-0.17,-2.03,-5.07,-5.98,-6.68,-6.65,-4.58,-3.99,-3.27,-3.25,-2.44,-1.74,-1.08,-3.64,-6.21,-7.36,-7.54,-6.93,-5.02,-3.95,-7.1,-4.02,-6.96,-4.94,-3.55,-1.09,2.27,2.9,2.99,3.6,2.41,2.3,2.04,4.0,4.3,4.4,1.97,2.82,3.82,11.42,9.7,6.59,2.74,3.99,3.21,1.46,-0.14,-0.96,-2.97,-3.57,-3.42,-1.53,-1.26,-2.06,-2.89,-4.16,-3.48,-2.9,-0.98,-0.24,-1.37,-2.29,-5.19,-1.63,4.67,3.31,2.68,-2.06,0.06,0.28,-0.56,-1.64,-2.04,0.02,-2.82,-2.66,-2.46,-1.67,-1.94
-0.41,-1.43,-2.57,-4.37,-4.89,-6.1,-8.64,-5.67,-3.96,-3.37,-3.24,-3.98,-2.34,-1.92,-2.08,-3.54,-7.73,-9.82,-8.44,-7.82,-5.25,-8.07,-7.91,-7.99,-5.36,-4.41,0.06,3.25,2.91,2.59,3.97,4.49,3.24,0.91,2.37,1.81,2.25,0.87,6.37,7.3,8.65,9.94,7.75,5.16,5.46,-1.09,-0.78,1.23,-0.56,-3.01,-2.69,-3.69,-4.62,-3.67,-2.77,-2.61,-1.4,-3.52,-3.1,-3.17,-1.99,-0.32,-2.39,-5.26,-3.47,-1.62,2.2,-0.06,-1.55,-1.13,1.74,-2.15,0.28,-2.72,-2.71,0.0,-1.83,-1.5,-3.0,-0.55,0.02
0.1,-3.44,-3.87,-5.57,-3.7,-5.3,-7.64,-6.24,-4.38,-3.11,-3.58,-4.46,-2.44,-3.19,-3.02,-3.29,-6.56,-8.35,-7.66,-8.35,-6.78,-5.49,-3.63,-7.97,-5.8,-2.36,1.83,4.99,0.06,3.56,3.01,0.28,1.25,0.4,2.49,-0.04,-0.51,5.55,6.34,12.47,8.61,4.65,4.17,3.3,3.68,0.78,-0.85,-1.72,1.76,0.54,-3.53,-4.2,-5.39,-5.81,-2.97,-2.53,-2.72,-3.2,-3.83,-4.69,-3.28,-2.33,-5.16,-5.06,-2.17,-0.04,-0.2,-1.59,2.08,0.52,0.33,-1.01,-1.76,-0.74,0.22,1.2,-0.89,0.27,-2.9,-2.52,0.61
-2.28,-4.02,-5.54,-5.99,-3.02,-5.51,-6.37,-4.46,-3.95,-2.18,-4.49,-5.06,-3.74,-3.37,-3.65,-5.67,-7.79,-8.3,-8.18,-9.12,-8.08,-5.94,-7.47,-9.53,-8.09,-2.89,1.94,2.71,2.52,3.19,-1.28,-1.25,-1.13,-0.36,-0.79,5.14,9.19,11.3,11.89,8.88,7.24,4.74,2.55,1.16,-0.74,-0.5,1.5,-3.88,-0.75,-1.33,-5.63,-4.21,-4.23,-6.72,-4.63,-6.32,-6.71,-4.31,-4.93,-4.74,-7.9,-5.58,-6.25,-5.5,-2.56,-2.26,-2.06,0.4,-0.6,1.05,0.76,-1.23,0.03,-0.58,0.83,-1.31,-1.62,-1.57,-0.28,1.55,0.45
-3.17,-3.02,-1.37,-3.03,-3.46,-3.34,-2.42,-1.74,-1.33,0.25,-3.89,-5.14,-5.08,-4.33,-4.18,-5.01,-7.36,-8.35,-8.9,-9.9,-9.01,-6.66,-5.09,-8.0,-9.44,-3.44,1.17,3.09,2.54,1.64,1.27,1.17,0.91,3.29,5.07,10.48,13.1,12.52,9.68,6.9,6.65,6.23,4.34,-1.17,-3.18,-4.35,-1.49,-1.48,-0.34,-2.07,-4.92,-0.11,-1.15,-6.86,-9.08,1.46,-8.42,-5.24,-5.22,-3.77,-8.14,-8.0,-5.32,-1.64,-2.81,-1.41,-0.06,1.42,-0.47,-1.66,-3.09,-4.13,0.39,0.57,3.28,0.94,1.58,-1.37,-3.6,-4.44,-2.66
-1.39,-2.08,-3.38,-4.78,-4.53,-4.96,-4.17,-4.39,-4.4,-3.34,-4.06,-7.51,-6.52,-4.89,-4.29,-5.78,-7.43,-7.45,-8.21,-9.95,-9.48,-7.12,-4.92,-4.95,-3.32,-0.91,1.56,2.82,2.59,1.84,1.93,2.09,2.94,4.56,11.98,13.71,13.22,8.96,11.71,11.15,7.66,5.55,2.99,-1.55,-3.95,-5.01,-3.23,-0.67,-1.37,-3.84,-4.39,-4.52,-4.22,-4.0,-4.72,-6.84,-9.58,-4.47,-3.66,-1.48,-7.94,-8.81,-7.03,-4.49,-3.03,-6.64,-4.51,-5.47,-4.65,-2.53,1.72,0.29,-0.95,0.39,0.21,1.73,0.49,-0.87,1.79,-0.7,-4.82
-3.3,-3.12,-3.41,-4.53,-4.15,-3.3,1.3,0.09,-1.57,-6.64,-6.46,-7.75,-7.55,-5.25,-4.61,-6.41,-6.98,-6.88,-7.31,-7.96,-7.56,-5.57,-3.3,-2.81,-1.15,0.53,1.43,1.38,0.87,1.36,1.97,3.39,5.77,10.99,13.81,12.47,9.98,8.23,5.22,9.33,5.73,2.31,0.77,-2.72,-5.23,-5.75,-4.29,-1.61,-2.31,-4.41,-4.05,-2.92,-2.41,-5.12,-6.28,-8.28,-10.72,-8.47,-5.03,-5.15,-5.96,-6.48,-1.11,-5.14,-7.08,-11.74,0.89,2.58,5.62,1.06,2.48,-0.85,-1.94,1.01,-0.51,2.16,1.98,-1.29,0.19,0.38,0.61
-3.17,-3.07,-3.83,-4.23,-3.31,-3.15,-2.39,-1.25,-3.24,-4.76,-3.9,-9.04,-8.42,-5.99,-5.29,-6.25,-6.17,-5.66,-5.31,-5.13,-3.98,-2.46,-1.43,-1.41,-1.12,-0.34,0.06,-0.05,-0.25,0.13,1.73,4.24,8.05,12.83,12.63,10.91,7.8,7.17,5.31,0.78,2.61,1.26,-0.59,-2.47,-5.24,-4.43,-3.21,-3.71,-4.13,-2.88,-6.1,-2.02,-3.76,-6.6,-5.23,-8.01,-7.79,-7.48,-5.85,-7.5,-9.73,-2.43,-2.47,-0.71,-0.75,0.56,2.35,1.75,4.9,3.68,-3.41,-4.27,-4.32,-1.35,2.23,1.24,-0.14,1.82,-0.16,0.91,2.09
-2.44,-2.74,-2.63,-2.14,-4.97,-5.42,-4.25,-2.76,-2.51,-5.25,-6.67,-8.63,-8.65,-5.77,-6.31,-6.43,-4.19,-3.4,-3.35,-3.07,-2.04,-1.31,-0.45,-2.63,-0.59,-0.76,-0.64,-1.17,-1.79,-1.56,0.53,4.0,9.36,12.25,10.58,8.81,9.02,4.56,2.22,1.53,0.77,0.2,-1.77,-2.89,-3.32,-4.1,-2.08,-4.81,-5.85,-4.92,0.64,-3.05,-3.39,-9.04,-8.22,-8.45,-6.38,-8.27,-9.72,-4.67,-5.12,-0.51,-1.6,-3.39,0.44,0.11,0.37,0.76,-1.41,5.21,-3.74,-8.72,-2.67,-1.19,0.04,1.28,2.91,0.24,2.76,0.69,2.3
-2.86,-2.92,-4.05,-5.14,-4.99,-2.65,-1.52,-1.72,-2.34,-3.61,-4.62,-5.35,-5.19,-6.3,-6.42,-6.28,-3.03,-2.96,-3.22,-2.67,-1.8,-2.69,-2.58,-0.05,-0.7,0.21,-2.15,-2.93,-3.86,-4.24,-1.44,3.17,8.28,11.53,9.06,9.76,6.22,4.07,-0.47,0.07,-0.41,-1.24,-1.23,-1.97,-3.87,-2.5,-3.26,-4.43,-3.52,-1.52,-5.0,-4.96,-8.23,-10.8,-2.55,-9.75,-8.97,-7.58,-8.14,-7.23,-1.95,-7.96,-4.36,-0.55,3.83,3.07,-1.66,-2.38,3.29,5.28,-4.96,-7.46,-3.66,-1.21,-1.02,2.5,3.61,-1.28,-1.28,1.06,3.18
-4.37,-4.12,-3.49,-2.3,-0.25,-0.37,-0.04,-1.1,-2.46,-3.57,-3.9,-3.86,-4.21,-6.5,-6.39,-5.88,-3.67,-2.65,-3.89,-2.09,-0.45,-1.14,-0.01,-0.22,-1.66,-2.93,-1.83,-2.02,-3.63,-9.16,-3.86,2.73,8.43,9.45,8.07,7.65,4.47,1.8,-0.07,-3.15,-1.73,-1.86,-1.75,-2.08,-1.88,-0.34,-0.29,-5.17,-8.01,-4.14,-1.96,-2.57,-8.37,-8.31,-8.89,-8.03,-11.35,-4.69,-9.23,-6.99,-5.37,-6.13,-5.19,2.56,5.28,3.2,-0.97,-0.1,-1.35,0.3,-7.64,-7.31,-3.76,-3.53,0.53,1.93,2.68,3.48,1.85,-2.09,-0.85
-2.9,0.42,2.94,2.55,1.57,0.9,0.77,0.98,1.18,-1.64,-4.96,-6.33,-5.21,-5.96,-7.2,-5.31,-4.05,-2.94,1.0,3.84,3.92,3.35,2.19,1.07,-1.08,-3.57,-5.03,-8.29,-11.16,-10.05,-6.0,2.98,8.69,7.47,5.21,4.06,2.05,0.55,-3.06,-3.67,-4.13,-1.34,0.17,-0.8,-0.62,-1.62,-0.89,-3.09,-6.4,-6.66,-3.07,-5.42,-4.94,-5.41,-8.67,-7.93,-5.32,0.14,-4.99,-10.5,-2.55,-6.56,-4.85,0.46,-0.5,-2.23,-2.12,-2.93,-4.87,-5.77,-7.43,-6.64,-4.48,-1.68,0.55,1.91,2.88,2.67,1.92,1.51,-0.1
0.99,0.53,0.57,0.31,1.05,1.0,0.44,2.03,1.63,-0.96,-3.14,-4.35,-5.72,-5.26,-5.81,-4.64,-1.5,0.82,1.62,2.71,3.16,2.9,1.35,-0.12,-2.4,-4.29,-4.96,-5.6,-11.05,-12.21,-6.4,2.68,6.5,3.77,4.99,4.76,2.6,-1.04,-3.95,-5.12,-4.08,1.22,-0.02,-1.82,-2.39,-1.87,-1.6,-1.97,-7.1,-9.17,-5.79,-4.51,-5.45,-5.59,-3.34,-3.84,-2.78,1.88,-0.59,-13.5,-4.11,-5.85,-2.43,-4.32,-2.45,1.51,0.63,-7.37,-6.56,-6.66,-6.41,-4.85,-4.28,-1.66,1.21,3.54,3.47,2.76,1.96,1.53,1.22
3.64,3.06,1.97,2.23,2.8,2.38,1.82,0.76,1.15,-0.42,-1.46,-2.93,-4.78,-6.58,-6.2,-5.22,-2.84,0.64,-0.57,0.61,2.73,2.4,1.59,-1.63,-3.06,-4.5,-5.82,-8.97,-10.3,-11.74,-3.39,3.4,5.4,3.23,3.1,2.41,-0.73,-2.33,-3.3,-3.85,-1.06,1.27,0.94,-3.58,-4.61,-3.1,-2.72,-3.0,-6.92,-9.82,-7.86,-6.82,-7.23,-5.82,-3.09,-5.75,-5.42,-1.72,-4.6,-6.32,-0.4,-4.4,-1.66,-3.11,-1.07,-3.2,-3.88,-8.73,-6.31,-5.93,-4.77,-4.83,-3.58,-1.19,2.12,2.79,3.4,3.97,3.21,1.83,0.97
2.73,3.57,2.98,0.68,-0.2,-0.9,1.09,-3.3,1.9,2.87,1.31,-1.25,-2.81,-3.8,-4.35,-2.16,-2.43,-4.72,-0.02,1.0,1.34,-0.27,-0.16,-0.78,-2.93,-5.3,-7.86,-7.9,-12.51,-8.29,-0.29,4.81,2.96,0.27,-1.15,-0.69,1.55,-1.02,-0.53,0.81,1.73,0.43,-2.12,-3.86,-4.89,-4.05,-3.55,-4.4,-5.98,-9.02,-7.41,-8.15,-4.54,-2.7,-0.55,-0.7,-1.88,-4.62,-8.05,-8.47,-10.77,-10.87,-8.94,-10.73,-11.05,-11.55,-11.36,-7.7,-6.15,-5.04,-5.44,-5.74,-2.87,0.44,2.53,1.59,4.5,4.82,4.71,3.15,1.78
2.08,3.09,1.44,0.51,0.64,-3.17,3.7,3.0,0.8,-0.61,-0.62,-0.98,-3.21,-3.49,-2.65,-3.79,-4.34,-1.12,-0.66,-1.3,2.63,-0.41,-0.93,-3.02,-4.83,-6.7,-8.72,-9.55,-11.41,-4.78,2.66,4.42,2.87,-0.79,-3.45,-2.07,1.1,-0.31,-0.87,-0.11,-0.15,-0.46,-3.09,-5.2,-4.31,-4.77,-5.51,-4.69,-5.13,-6.28,-6.31,-7.8,-7.54,-3.19,3.26,2.44,-1.82,-4.8,-7.38,-5.22,-7.98,-9.84,-10.02,-7.82,-9.76,-10.03,-6.98,-5.79,-4.03,-4.27,-4.87,-4.67,-2.24,2.32,5.05,2.9,4.89,5.58,5.61,4.24,2.96
1.42,1.73,1.09,0.71,0.88,2.77,2.48,3.71,1.94,-0.89,-0.64,-1.7,-2.47,-1.98,-1.52,-2.1,-1.51,-4.71,-3.15,-3.11,1.16,-1.66,-3.03,-3.68,-6.68,-7.75,-8.9,-10.68,-8.35,0.31,4.91,3.76,2.25,-1.56,-3.8,-3.81,-0.75,-0.56,-0.44,-1.92,-1.72,-1.77,-2.36,-2.71,-4.52,-5.6,-6.4,-4.36,-4.45,-4.23,-4.93,-8.04,-7.16,-2.66,4.74,1.63,-1.41,-4.47,-5.8,-3.84,-4.93,-8.59,-8.86,-8.18,-9.25,-7.2,-5.97,-3.69,-2.06,-1.96,-3.88,-4.32,0.27,3.83,4.5,3.74,3.99,4.9,5.66,4.75,3.26
-0.18,1.23,1.55,2.57,2.58,2.22,3.02,2.3,0.66,-0.98,-0.64,-1.41,-2.65,-2.55,-3.01,-3.94,-4.85,-6.09,-1.98,1.58,0.28,1.51,-0.07,-5.33,-7.93,-8.26,-9.22,-10.69,-3.39,3.79,4.79,3.07,1.33,-0.92,-4.25,-7.71,-3.63,-2.15,-3.68,-3.47,-1.78,-0.72,-1.62,-2.5,-3.63,-6.14,-5.91,-5.02,-5.35,-4.78,-5.71,-5.48,-3.61,0.63,-0.74,-2.35,-2.6,0.23,-2.11,-6.0,-7.08,-8.26,-9.52,-9.24,-8.07,-4.75,-3.81,-2.94,-2.65,-3.18,-3.72,-2.77,0.58,2.02,3.98,3.68,3.28,4.86,5.24,4.23,2.91
3.4,2.39,2.8,4.18,3.56,2.67,2.01,1.91,1.41,-0.3,0.55,-0.31,-2.53,-2.98,-3.5,-4.02,-5.56,-5.19,-1.1,-0.11,-0.04,-1.62,-3.84,-7.1,-8.18,-8.32,-10.24,-10.24,0.71,4.88,4.1,2.35,0.14,-2.09,-5.87,-5.39,-3.93,-2.77,-3.85,-4.96,-3.2,-0.82,-1.74,-2.68,-4.18,-5.06,-5.28,-5.0,-4.81,-3.9,-3.59,-4.02,-3.88,-2.33,-2.97,-2.55,-1.99,-5.37,-7.27,-7.06,-9.92,-10.03,-10.51,-9.69,-8.21,-5.17,-3.11,-2.34,-2.78,-2.85,-2.27,-1.17,0.36,2.05,2.71,2.15,2.38,3.98,4.43,4.16,2.52
1.68,1.46,1.95,2.55,2.52,1.84,2.33,1.62,1.66,1.27,1.72,1.45,-0.31,-2.77,-3.36,-3.73,-5.33,-3.55,-2.25,-0.33,-0.99,-2.52,-5.16,-7.96,-8.12,-9.11,-10.25,-3.87,3.29,4.46,3.56,1.38,-0.7,-2.98,-5.64,-5.09,-4.89,-2.7,-5.5,-5.75,-4.69,-2.85,-1.23,-1.82,-2.84,-4.12,-5.05,-4.81,-4.41,-4.48,-3.76,-3.11,-3.32,-1.93,-3.93,-5.1,-2.85,-2.9,-5.39,-8.46,-9.86,-10.46,-10.52,-10.18,-8.04,-4.66,-2.71,-2.69,-2.73,-1.83,-0.87,0.44,0.15,1.18,0.13,0.65,2.27,3.85,2.6,2.34,1.59
2.09,1.58,1.55,2.19,2.31,2.1,0.5,1.51,2.81,3.16,1.64,0.87,1.61,0.41,-1.97,-3.4,-3.23,-0.8,-0.82,-2.16,-1.94,-3.29,-5.98,-7.53,-8.43,-8.81,-8.48,-0.46,3.69,4.02,2.37,0.36,-1.91,-4.21,-5.06,-5.66,-4.18,-3.72,-6.23,-4.93,-3.62,-5.44,-4.41,-2.5,-2.52,-3.35,-3.82,-3.71,-4.19,-3.95,-3.44,-3.57,-2.56,-3.16,-3.81,-5.27,-3.93,-6.25,-6.08,-6.43,-7.79,-8.81,-7.54,-9.74,-6.58,-3.68,-3.22,-3.32,-2.77,-1.06,0.28,0.67,1.24,-1.0,-0.46,-1.22,0.99,2.8,1.59,1.49,1.48
1.24,2.05,2.54,2.5,2.93,3.62,2.75,2.13,2.63,3.64,4.58,2.57,1.04,0.73,-1.05,-1.94,-2.06,-1.51,-2.22,-2.23,-2.7,-4.23,-6.16,-8.04,-8.6,-9.56,-6.0,-0.43,2.82,3.33,0.78,-0.83,-5.63,-4.38,-3.99,-4.55,-5.06,-5.08,-5.53,-5.6,-3.16,-3.61,-3.16,-3.48,-4.06,-3.89,-3.68,-3.8,-3.22,-2.92,-3.33,-2.22,-2.43,-3.45,-4.41,-5.04,-5.24,-5.68,-5.78,-5.29,-5.68,-6.12,-6.75,-7.12,-4.91,-3.06,-3.29,-4.02,-3.53,-1.28,0.32,2.28,1.29,-0.73,-1.51,-1.62,-1.37,0.73,0.52,1.15,1.33
