firecesium/firecesium/examples/data/grib2json/700wind3.json
{"header": { "discipline":0, "gribEdition":2, "gribLength":76751, "center":7, "subcenter":0, "refTime":"2016-08-28T12:00:00.000Z", "significanceOfRT":1, "productStatus":0, "productType":1, "productDefinitionTemplate":0, "parameterCategory":2, "parameterNumber":3, "parameterUnit":"m.s-1", "genProcessType":2, "forecastTime":3, "surface1Type":100, "surface1Value":70000.0, "surface2Type":255, "surface2Value":0.0, "gridDefinitionTemplate":0, "numberPoints":65160, "shape":6, "gridUnits":"degrees", "resolution":48, "winds":"true", "scanMode":0, "nx":360, "ny":181, "basicAngle":0, "subDivisions":0, "lo1":0.0, "la1":90.0, "lo2":359.0, "la2":-90.0, "dx":1.0, "dy":1.0 }, "data":
[rows 108 to 143 of 181, columns 243 to 323 of 360]
-0.61,-1.05,-1.91,-2.31,-2.45,-3.08,-3.54,-3.84,-3.3,-3.81,-3.76,-3.47,-3.5,-3.31,-2.93,-2.12,-0.93,1.03,2.8,3.75,4.03,4.0,3.73,3.17,2.89,2.7,2.43,2.28,2.38,2.46,2.64,2.94,3.3,3.9,4.64,5.35,6.07,6.75,7.29,7.46,7.03,5.89,3.31,0.07,-1.15,-1.38,-2.85,-5.28,-0.53,-3.21,-2.56,-5.07,-5.29,-15.34,-16.95,-13.97,-10.14,-9.84,-10.49,-7.08,-8.27,-9.14,-9.79,-8.02,-5.14,-4.47,-2.54,-1.24,-1.42,-0.33,2.04,2.66,-3.1,-3.3,-4.13,-6.22,-6.82,-6.33,-5.69,-4.76,-4.13
-1.65,-1.53,-1.74,-1.94,-2.15,-2.45,-3.27,-3.93,-4.25,-4.7,-5.11,-5.57,-5.68,-5.26,-3.98,-1.51,1.04,3.11,4.66,5.8,6.36,6.05,5.34,4.69,4.14,3.81,3.38,3.01,2.72,2.91,3.11,3.54,4.06,4.71,5.53,6.32,7.04,7.67,8.21,8.54,8.38,7.54,6.02,3.22,-0.79,-2.54,-2.99,-4.93,-1.99,-2.96,-3.43,-3.56,-5.32,-9.05,-15.3,-16.17,-12.78,-10.39,-9.65,-6.92,-8.57,-10.69,-10.47,-8.59,-6.18,-2.77,-2.39,-0.67,1.32,0.95,1.51,3.16,-2.89,-4.66,-5.11,-7.32,-6.66,-6.27,-5.79,-4.64,-4.24
-2.12,-2.64,-2.4,-2.07,-2.29,-2.57,-3.17,-4.15,-4.82,-6.0,-7.56,-8.22,-7.91,-5.98,-3.28,-0.9,1.05,2.73,4.54,6.18,6.99,6.94,6.29,5.57,4.97,4.36,4.09,3.69,3.43,3.28,3.47,3.77,4.32,4.94,5.57,6.41,7.08,7.52,7.9,8.4,9.1,9.36,8.39,5.91,1.87,-2.88,-4.41,-5.45,-4.62,-3.66,-4.72,-3.04,-3.12,-6.83,-11.22,-20.4,-19.25,-11.44,-9.93,-8.7,-8.42,-11.77,-10.25,-7.39,-6.09,-3.93,-1.34,1.75,1.55,0.08,-0.34,1.13,-2.73,-3.57,-5.6,-7.57,-8.03,-6.29,-4.98,-4.49,-4.3
-2.31,-3.09,-3.22,-2.91,-2.87,-3.16,-3.75,-4.7,-6.34,-8.75,-10.11,-10.23,-8.3,-5.47,-3.08,-1.0,0.99,3.35,5.4,6.96,8.21,8.65,7.77,6.48,5.57,4.83,4.14,3.91,3.87,3.96,3.95,4.08,4.35,4.81,5.13,5.36,6.03,7.25,8.48,9.39,9.75,9.41,8.96,7.57,3.69,-1.62,-5.77,-6.74,-3.37,-2.66,-5.31,-5.41,-3.64,-2.72,-9.14,-15.56,-21.78,-17.8,-10.85,-10.67,-10.27,-11.33,-9.16,-7.62,-5.89,-5.54,-1.59,1.55,1.28,-0.74,-1.02,-2.54,-3.51,-5.04,-8.11,-9.17,-8.17,-5.6,-4.67,-4.16,-3.76
-1.76,-2.94,-3.99,-3.69,-3.44,-3.83,-4.83,-6.63,-8.89,-11.32,-11.98,-10.5,-7.86,-5.49,-3.12,-1.0,1.52,3.77,5.72,7.53,8.99,9.79,9.45,7.89,6.41,5.24,4.35,3.94,3.89,4.0,4.25,4.57,4.76,5.03,5.7,6.96,8.43,9.52,11.1,12.94,14.06,13.62,10.81,6.61,3.66,-1.76,-5.82,-7.31,-9.03,-2.56,-5.23,-4.71,-4.58,-6.54,-8.06,-13.97,-20.07,-18.19,-13.62,-12.25,-11.22,-10.62,-9.66,-7.93,-5.81,-3.19,0.57,1.02,-1.9,-2.05,-3.29,-3.51,-5.05,-5.46,-9.06,-9.92,-7.74,-5.64,-4.05,-3.85,-3.66
-1.17,-2.12,-3.57,-3.9,-4.09,-4.98,-6.3,-8.87,-11.81,-13.24,-12.78,-10.45,-7.9,-5.39,-3.47,-1.08,1.11,2.91,5.1,7.17,8.85,10.12,10.27,9.21,6.83,5.44,4.79,4.45,4.48,4.97,5.54,5.82,6.06,6.5,7.42,8.51,9.87,12.64,15.9,18.17,19.16,17.71,14.47,9.93,4.13,-0.38,-5.92,-8.46,-11.15,-4.17,-7.66,-5.95,-2.72,-3.32,-4.95,-12.77,-18.34,-21.49,-16.41,-14.88,-12.75,-10.65,-9.32,-7.72,-4.64,-1.37,0.47,-1.17,-5.25,-4.44,-3.65,-4.49,-2.24,-7.43,-8.37,-10.24,-7.89,-5.21,-3.25,-3.48,-3.8
-1.3,-1.47,-2.92,-4.02,-4.34,-6.01,-8.02,-11.01,-13.68,-14.52,-13.11,-10.75,-8.25,-6.07,-3.86,-1.61,0.56,2.92,5.04,6.79,8.48,9.68,10.26,9.91,7.81,5.75,5.11,5.08,5.47,6.2,6.7,6.69,6.86,7.31,8.1,9.7,12.66,15.64,17.98,19.6,19.36,17.2,14.88,11.4,7.18,2.92,-4.16,-9.0,-10.49,-8.21,-5.1,-9.09,-2.35,-2.84,-3.61,-9.57,-19.18,-19.66,-18.08,-16.83,-15.45,-11.29,-9.68,-6.07,-3.6,-0.95,0.29,-1.92,-6.76,-5.83,-3.25,-3.09,-4.83,-9.19,-9.05,-10.8,-8.65,-5.07,-2.85,-3.08,-3.58
-2.03,-2.39,-2.13,-3.82,-4.37,-6.17,-9.35,-12.57,-14.98,-15.29,-13.58,-11.38,-9.25,-6.94,-4.49,-2.19,0.29,2.49,4.31,6.03,7.6,8.95,9.81,10.19,9.11,6.44,5.41,5.79,6.45,7.06,7.19,6.97,6.79,7.3,9.1,11.53,14.04,16.32,18.25,19.07,18.52,16.72,13.75,11.36,9.48,3.78,-2.79,-11.3,-13.98,-7.05,-9.03,-0.75,-5.66,-1.99,-3.98,-5.5,-18.19,-19.44,-18.98,-17.36,-17.37,-14.13,-9.92,-5.75,-3.74,-1.03,1.1,-1.19,-6.05,-5.24,-3.44,-2.19,-6.38,-10.1,-10.5,-11.61,-9.53,-5.71,-3.12,-2.27,-3.4
-3.72,-3.52,-3.27,-3.89,-5.07,-5.87,-9.13,-13.03,-15.37,-15.91,-14.38,-12.23,-10.15,-7.98,-5.45,-2.89,-0.51,1.59,3.5,5.17,6.69,8.02,9.13,9.79,9.71,7.22,5.26,5.67,6.6,7.23,7.31,7.07,7.07,7.99,9.89,11.97,14.37,16.78,18.77,19.62,19.5,16.58,12.21,10.95,8.93,3.77,-2.85,-9.94,-11.27,-8.56,-11.13,-2.34,-0.45,2.49,-1.41,-4.7,-10.75,-17.15,-20.05,-18.18,-16.76,-15.06,-10.55,-7.67,-6.5,-3.5,0.57,-3.17,-7.18,-7.14,-4.9,-3.54,-5.26,-10.35,-11.75,-12.73,-11.02,-7.47,-4.19,-2.36,-2.91
-3.8,-5.04,-5.42,-5.11,-5.41,-6.75,-8.22,-11.85,-14.92,-15.72,-15.31,-13.75,-11.67,-9.24,-6.54,-4.01,-1.65,0.56,2.53,4.29,5.85,7.13,8.09,8.82,9.35,8.18,5.34,5.07,6.3,7.35,7.74,7.57,7.67,8.46,10.18,12.25,14.71,17.16,19.42,20.86,20.23,15.72,11.58,10.17,8.57,5.41,-1.73,-8.3,-10.82,-9.99,-3.78,-0.79,-0.63,2.06,0.86,-3.39,-6.2,-13.06,-19.17,-18.19,-16.45,-14.47,-11.59,-9.74,-5.38,-2.3,-0.66,-2.67,-9.33,-8.58,-6.38,-4.97,-5.35,-9.92,-11.69,-13.0,-12.6,-9.5,-6.01,-3.72,-2.85
-3.36,-4.8,-5.73,-6.3,-7.04,-7.19,-8.33,-10.29,-13.45,-15.64,-15.42,-14.28,-13.03,-10.94,-8.08,-5.33,-3.04,-0.81,1.28,3.17,4.86,6.3,7.27,7.93,8.76,9.03,7.05,5.27,6.0,7.39,8.25,8.37,8.66,9.33,10.74,12.52,14.76,17.36,19.49,20.68,19.47,14.79,11.54,9.54,8.49,5.83,-5.64,-4.52,-8.39,-1.16,2.34,0.98,1.12,-1.01,3.62,-3.04,-4.59,-7.36,-13.49,-16.76,-17.36,-15.66,-13.7,-11.51,-9.22,-3.89,0.69,-2.18,-7.93,-8.21,-6.95,-5.94,-6.48,-8.87,-10.84,-12.3,-12.34,-10.47,-7.48,-4.9,-3.25
-3.87,-4.77,-5.82,-7.07,-8.17,-8.73,-9.41,-10.24,-11.61,-13.92,-15.32,-15.37,-14.23,-12.39,-9.91,-7.11,-4.49,-2.22,-0.1,1.87,3.65,5.26,6.36,7.06,7.52,8.17,8.02,6.64,6.36,7.36,8.42,8.67,8.57,9.06,10.17,11.76,14.02,16.88,19.24,19.81,18.19,13.96,10.68,8.54,7.91,3.76,-9.97,-1.06,-1.93,1.1,2.11,-4.47,0.58,-0.44,0.33,3.4,-6.34,-4.75,-4.66,-8.65,-12.54,-17.41,-14.82,-15.15,-12.04,-9.29,-4.16,-1.1,-9.19,-8.86,-7.54,-6.76,-7.2,-8.86,-10.65,-10.99,-10.37,-9.9,-8.23,-5.74,-4.16
-7.81,-6.4,-5.02,-6.32,-7.55,-9.17,-10.52,-11.13,-11.91,-12.66,-13.69,-14.44,-14.39,-13.5,-11.65,-9.06,-6.33,-3.76,-1.51,0.38,2.16,3.96,5.48,6.26,6.85,7.61,8.28,8.09,7.18,7.07,7.96,8.91,9.22,9.42,10.11,11.54,13.87,16.58,18.43,18.45,16.32,12.5,8.79,7.63,6.65,2.56,-10.95,-1.3,1.03,-4.85,-2.23,-1.21,-1.15,0.46,-2.73,-0.73,1.67,-1.5,-1.02,-0.18,-4.51,-9.14,-16.81,-15.74,-15.72,-11.02,-7.06,-4.0,-7.87,-9.25,-8.16,-7.52,-7.41,-8.6,-9.98,-10.39,-10.27,-9.31,-8.29,-6.81,-5.35
-7.7,-9.2,-8.65,-6.54,-6.22,-8.12,-9.85,-11.88,-12.9,-13.19,-13.36,-13.49,-13.73,-13.42,-12.45,-10.67,-8.25,-5.76,-3.35,-1.25,0.45,2.23,4.06,5.52,6.26,7.03,7.86,8.48,8.42,7.76,7.58,8.42,9.15,9.36,9.81,11.07,12.97,15.83,17.45,16.65,14.4,10.66,7.42,6.44,5.26,2.09,-7.54,1.31,0.78,-3.01,-3.64,-1.03,-0.04,-0.75,-2.08,-1.75,-0.54,0.35,1.69,2.2,4.9,8.2,6.73,-14.36,-18.42,-15.22,-11.02,-7.63,-5.61,-9.23,-8.94,-8.3,-7.62,-7.91,-8.41,-8.6,-8.29,-7.83,-7.21,-6.46,-5.49
-7.09,-8.39,-9.41,-11.52,-10.69,-7.31,-7.81,-10.14,-12.45,-13.89,-14.1,-13.87,-13.48,-13.26,-12.73,-11.68,-10.06,-7.92,-5.59,-3.39,-1.54,0.14,2.06,3.89,5.29,6.26,6.98,7.8,8.36,8.35,7.92,8.18,9.23,9.6,9.94,10.82,12.5,14.77,16.32,15.51,12.88,9.54,5.97,4.68,3.85,2.39,-4.78,-1.49,1.56,0.44,-2.12,-3.32,-4.08,-3.08,-2.73,-0.88,0.12,0.41,0.11,0.35,-1.0,1.27,5.58,8.73,-1.95,-17.06,-13.29,-10.99,-8.35,-6.65,-8.76,-9.8,-9.02,-8.43,-8.2,-7.94,-7.83,-7.54,-7.0,-6.43,-5.75
-5.28,-6.56,-8.61,-10.26,-11.43,-13.53,-12.64,-8.85,-9.06,-11.96,-14.1,-14.48,-14.16,-13.65,-13.14,-12.47,-11.39,-9.94,-8.01,-5.95,-3.87,-2.03,-0.16,1.89,3.74,4.91,6.08,6.82,7.58,8.03,7.99,7.74,8.39,8.84,9.37,10.1,11.37,13.66,15.33,14.66,11.57,8.66,4.91,3.13,2.65,1.75,-1.37,-1.58,2.9,1.8,-2.93,-4.76,-5.38,-3.16,-0.53,0.17,0.88,0.96,0.67,-0.14,0.95,-0.37,-2.58,0.31,6.04,3.27,-11.1,-10.54,-10.56,-8.9,-6.92,-6.69,-8.55,-8.73,-8.16,-7.37,-6.81,-6.38,-5.97,-5.47,-4.8
1.71,-1.83,-5.8,-8.02,-10.41,-12.59,-14.03,-14.98,-14.56,-10.76,-10.51,-13.65,-14.77,-14.44,-13.87,-13.1,-12.24,-11.17,-9.85,-7.97,-6.04,-3.96,-2.05,-0.03,2.0,3.69,5.01,5.91,6.53,7.13,7.6,7.52,7.62,8.04,8.5,9.17,10.41,12.31,14.12,13.96,10.95,7.42,4.03,1.79,1.81,0.55,0.61,0.61,-1.78,-3.92,-4.0,-6.15,-4.66,-2.27,-1.02,-0.34,0.16,0.66,1.18,2.04,1.78,1.89,1.84,-1.42,-8.66,-5.59,0.91,-3.6,-7.17,-6.97,-8.23,-7.98,-6.56,-6.75,-6.69,-6.13,-5.42,-4.77,-4.14,-3.51,-2.85
6.57,5.25,2.52,-0.98,-5.48,-9.18,-12.44,-15.21,-16.19,-15.69,-15.97,-11.8,-11.89,-14.74,-14.73,-14.16,-13.32,-12.15,-10.84,-9.47,-7.75,-5.85,-3.72,-1.67,0.39,2.3,3.78,5.07,5.45,5.9,6.54,7.0,7.05,7.24,7.53,8.11,9.17,10.96,12.66,13.07,11.01,6.75,3.05,0.6,1.18,0.36,-2.19,0.91,-6.37,-7.43,-6.75,-4.06,-2.09,-0.62,0.02,0.11,0.34,1.68,2.48,2.42,1.98,0.95,0.12,1.39,-1.17,-3.73,-6.25,-5.88,-2.53,-3.82,-5.6,-5.92,-7.82,-8.44,-7.76,-7.09,-6.42,-5.67,-4.81,-4.13,-3.5
5.76,5.42,5.14,4.03,2.51,-1.03,-6.1,-10.55,-14.65,-17.52,-16.77,-16.62,-16.41,-12.15,-13.14,-14.94,-14.38,-13.25,-11.95,-10.65,-9.19,-7.49,-5.59,-3.47,-1.2,0.81,2.44,3.45,4.12,4.42,4.92,5.67,6.13,6.22,6.35,7.15,8.08,9.68,11.26,11.96,10.86,6.74,2.69,-0.39,0.0,-0.54,-2.12,-1.61,-8.86,-8.21,-2.98,-0.96,0.25,1.05,0.14,0.16,0.08,0.43,2.25,4.13,3.83,2.58,1.39,0.86,-1.08,-1.32,-2.99,-3.29,-2.96,-2.53,-2.2,-2.94,-4.56,-5.57,-5.51,-6.18,-7.51,-8.68,-8.55,-7.85,-6.93
3.36,2.74,2.84,2.5,2.1,1.89,0.47,-3.67,-9.41,-14.67,-18.61,-19.41,-17.36,-17.73,-15.44,-12.74,-14.25,-14.31,-13.28,-11.99,-10.48,-8.81,-6.95,-5.04,-3.0,-1.02,0.58,1.5,2.14,2.8,3.14,3.92,4.79,5.14,5.34,6.08,6.71,8.38,10.11,10.83,10.36,7.14,2.31,-1.51,-1.85,-0.32,-3.62,-2.76,-5.67,-6.82,-3.57,-1.48,1.35,3.13,2.25,-0.1,-0.33,-0.05,1.33,2.32,3.44,3.95,3.5,3.05,3.04,1.94,0.36,-0.18,-0.44,-1.64,-3.35,-4.78,-4.9,-5.51,-6.39,-7.18,-7.8,-7.51,-7.87,-8.35,-8.31
5.96,5.99,5.91,5.69,4.82,3.77,2.63,-0.03,-3.5,-8.82,-14.74,-19.55,-21.02,-19.91,-17.9,-17.6,-13.1,-12.35,-13.78,-13.01,-11.36,-9.7,-7.95,-6.17,-4.41,-2.71,-1.19,-0.22,0.42,1.08,1.67,2.08,3.0,3.78,4.11,4.09,5.2,7.37,8.94,9.96,9.59,6.74,2.26,-2.68,-3.18,-1.33,-2.74,-4.65,-3.65,-4.13,-4.96,-1.96,2.19,3.3,2.57,1.07,0.01,-0.04,-0.16,0.45,0.68,1.79,3.1,3.88,4.37,3.73,3.31,3.0,2.48,2.87,3.29,3.45,3.3,2.85,2.88,3.09,3.46,3.2,3.08,3.13,4.33
6.85,5.87,6.17,6.68,7.35,7.6,6.57,3.3,-0.94,-5.93,-10.64,-15.45,-19.8,-21.67,-21.39,-19.52,-19.08,-16.14,-11.86,-10.64,-11.31,-11.15,-9.71,-8.06,-6.58,-5.07,-3.48,-1.94,-0.81,-0.03,0.54,0.77,1.27,1.88,1.86,1.56,3.26,5.42,6.7,8.31,8.42,6.01,0.57,-3.92,-4.97,-2.68,-0.73,-4.69,-5.1,-4.63,-3.2,-0.05,2.14,2.18,1.7,1.09,0.04,-0.97,-1.08,-0.78,-0.05,1.37,3.11,4.63,5.07,5.13,4.38,3.0,2.68,3.02,3.62,4.83,5.47,5.93,6.36,6.83,7.3,8.06,8.84,9.08,9.22
7.96,8.41,9.24,10.53,11.63,12.57,12.06,8.84,2.16,-4.49,-9.98,-14.13,-17.27,-20.21,-22.2,-21.94,-21.03,-19.78,-17.98,-13.77,-10.73,-9.16,-9.18,-9.43,-8.7,-7.04,-5.29,-3.5,-1.99,-1.18,-0.78,-0.15,0.31,1.09,0.91,1.73,3.66,3.64,4.65,6.5,7.28,4.81,-2.41,-5.31,-5.67,-3.17,-1.52,-5.16,-5.73,-3.36,-1.82,-0.26,0.7,0.51,0.35,-0.15,-0.85,-1.16,-1.14,-0.62,0.74,2.57,4.61,6.44,7.32,6.28,4.82,4.3,4.18,4.09,4.19,4.64,5.15,5.61,5.81,6.13,6.91,7.94,8.7,9.12,9.3
9.89,11.03,12.48,13.24,13.58,14.39,16.21,11.44,3.48,-3.43,-8.9,-11.64,-14.06,-16.85,-19.87,-22.07,-22.49,-21.45,-20.05,-17.93,-14.75,-12.38,-10.81,-10.19,-10.12,-9.07,-7.31,-5.6,-3.88,-2.37,-0.9,0.09,1.19,2.24,2.32,2.42,2.97,2.55,3.03,4.61,6.08,4.25,-4.89,-7.12,-6.49,-4.98,-1.86,-3.94,-5.83,-5.27,-2.48,-1.18,-0.57,-0.97,-1.29,-1.71,-1.87,-1.19,-0.58,0.37,2.26,4.77,7.04,7.99,7.94,7.08,5.95,5.53,5.91,6.53,7.09,7.41,7.37,6.98,6.92,7.56,8.46,9.33,10.01,10.35,10.31
11.13,12.56,14.01,14.66,14.74,15.29,17.16,11.36,6.28,1.02,-4.66,-8.92,-12.07,-12.87,-14.21,-17.05,-20.02,-21.98,-21.68,-20.05,-17.76,-15.1,-12.97,-11.97,-11.51,-11.37,-10.98,-8.52,-5.81,-4.41,-2.51,-0.54,0.49,1.17,1.93,3.03,3.77,2.9,1.18,2.28,4.41,3.17,-5.23,-10.31,-9.31,-4.75,-2.03,-3.45,-5.9,-4.1,-2.85,-2.44,-1.92,-2.09,-2.59,-2.63,-2.23,-1.17,0.35,2.05,3.97,6.15,7.98,8.04,6.73,6.06,6.28,6.69,6.85,6.75,6.8,7.01,7.21,7.27,7.24,7.52,8.17,9.05,9.98,10.8,11.49
10.61,12.06,13.53,14.57,14.99,14.68,14.46,10.96,7.41,3.22,-0.81,-4.75,-7.89,-9.99,-11.05,-11.89,-14.28,-16.61,-19.7,-20.88,-18.9,-16.5,-14.14,-12.65,-11.61,-10.93,-11.15,-11.78,-11.1,-8.25,-6.26,-4.71,-2.59,-0.57,1.29,3.24,3.24,1.34,-1.29,-0.01,2.35,1.71,-7.19,-11.5,-12.79,-8.42,-3.55,-1.67,-3.82,-4.83,-5.61,-2.64,-2.39,-2.78,-3.33,-3.08,-2.48,-1.5,0.0,1.83,3.89,5.92,6.4,4.79,4.17,4.69,5.4,6.08,6.49,6.95,7.27,7.43,7.38,7.21,7.17,7.52,8.47,9.83,11.31,12.63,13.65
10.47,11.38,12.12,13.49,14.61,14.79,13.49,12.34,11.34,3.16,-2.16,-3.51,-4.11,-6.01,-8.19,-10.27,-11.29,-11.5,-11.72,-12.14,-13.85,-14.59,-13.62,-12.22,-10.97,-10.71,-10.79,-10.58,-11.18,-12.22,-9.82,-5.22,-3.46,-2.81,-0.94,0.89,0.86,-0.8,-3.04,-2.17,0.18,-0.03,-7.63,-11.58,-12.11,-11.43,-4.99,-2.32,-3.91,-4.67,-3.96,-2.18,-3.1,-3.61,-3.78,-3.24,-2.44,-1.44,-0.11,1.61,3.41,4.3,2.68,2.05,2.67,3.48,4.29,5.04,5.73,6.42,7.01,7.21,7.1,7.22,7.98,9.35,10.97,12.55,13.94,15.02,15.79
10.26,10.7,10.96,11.78,12.73,13.57,14.07,13.08,9.83,6.88,3.82,-0.12,-2.54,-4.62,-4.21,-6.4,-7.86,-8.81,-10.9,-12.57,-12.72,-11.98,-11.37,-10.67,-10.13,-9.95,-10.0,-10.54,-11.62,-12.4,-12.53,-11.75,-8.24,-4.35,-2.21,-0.82,-0.7,-2.61,-4.74,-3.67,-1.6,-2.25,-9.58,-15.41,-14.86,-12.29,-7.46,-3.98,-3.36,-3.83,-3.04,-4.51,-4.57,-5.0,-4.57,-3.54,-2.63,-1.79,-0.76,0.65,2.2,1.43,0.08,0.82,2.07,3.53,4.66,5.15,5.42,5.83,5.95,5.81,6.15,7.29,9.08,11.16,13.12,14.73,15.99,16.91,17.41
10.88,11.47,11.35,10.33,10.72,11.5,12.06,12.53,12.43,10.98,6.92,3.46,0.95,-1.51,-4.02,-5.42,-5.7,-4.73,-3.43,-4.11,-5.03,-6.06,-7.73,-9.55,-11.13,-11.96,-12.04,-12.34,-12.98,-13.89,-14.25,-13.36,-11.39,-9.19,-6.56,-4.2,-3.96,-6.07,-7.51,-6.44,-4.38,-5.57,-14.08,-15.77,-14.21,-10.7,-6.85,-4.52,-5.21,-4.84,-4.19,-3.69,-4.62,-5.75,-5.38,-3.99,-3.03,-2.46,-1.71,-0.33,0.32,-0.63,-1.49,-0.61,1.66,4.41,5.71,5.39,5.04,5.19,5.38,5.95,7.39,9.41,11.45,13.23,14.95,16.69,18.04,19.13,20.2
11.95,12.44,12.13,11.33,10.16,9.27,10.1,10.87,11.21,11.02,10.5,9.77,7.28,2.89,-0.7,-4.53,-5.93,-5.31,-4.68,-4.5,-4.18,-4.34,-5.28,-5.63,-5.59,-6.09,-7.21,-7.7,-8.78,-11.45,-12.94,-13.31,-13.01,-11.11,-9.15,-7.67,-8.03,-9.39,-10.26,-8.98,-7.12,-8.96,-15.23,-14.88,-7.36,-11.53,-7.76,-6.55,-5.98,-6.6,-5.13,-4.36,-5.62,-6.34,-5.5,-4.37,-3.62,-2.82,-1.8,-1.16,-1.03,-1.6,-2.67,-1.85,0.94,4.12,5.71,5.99,5.85,5.54,6.04,7.39,9.3,11.27,13.23,15.34,17.28,18.99,20.69,22.15,23.43
11.71,11.98,12.44,12.13,10.77,9.53,8.87,9.18,9.69,10.01,10.09,9.84,9.3,8.22,6.55,3.53,0.28,-2.24,-4.03,-2.95,-1.56,-1.37,-3.51,-5.91,-7.7,-8.23,-9.35,-11.67,-11.53,-10.51,-12.43,-14.86,-15.53,-13.89,-11.41,-9.6,-10.44,-11.43,-11.62,-10.67,-9.82,-11.71,-16.21,-16.81,-13.56,-5.44,-4.3,-4.46,-6.29,-8.2,-7.35,-6.43,-6.36,-6.44,-5.8,-4.9,-3.91,-2.86,-1.87,-1.07,-1.15,-2.21,-3.26,-2.76,-0.15,2.62,4.57,6.2,7.46,8.0,8.63,9.92,11.55,13.57,15.79,17.88,19.89,21.69,23.43,24.48,23.89
12.35,12.34,12.23,11.95,11.46,10.67,9.94,9.46,9.14,8.85,8.92,9.3,9.05,8.33,7.88,7.14,5.44,2.68,-0.31,-2.2,-2.75,-3.04,-2.18,-1.84,-3.22,-5.18,-7.86,-9.23,-12.23,-13.66,-16.01,-17.7,-16.59,-14.68,-13.85,-12.72,-12.8,-13.72,-13.45,-13.14,-13.11,-15.5,-17.24,-14.57,-12.7,-12.04,-6.42,-2.33,-3.52,-7.41,-8.18,-7.43,-6.51,-6.53,-6.32,-5.38,-4.29,-2.95,-1.64,-0.76,-1.02,-2.68,-3.57,-2.82,-0.68,2.04,3.83,5.36,7.59,9.34,10.49,12.01,14.08,16.38,18.45,20.4,22.61,24.17,23.7,22.12,21.31
11.91,11.97,11.91,11.63,11.33,10.89,10.56,10.13,9.89,9.63,9.27,8.9,8.46,7.87,7.44,7.0,6.34,5.86,5.42,3.58,0.42,-2.53,-2.14,-2.29,-4.53,-5.96,-7.74,-9.33,-11.64,-12.27,-12.18,-14.62,-16.21,-14.46,-13.08,-13.35,-14.81,-15.08,-15.23,-14.92,-14.73,-16.39,-15.34,-16.18,-8.33,-6.81,-6.84,-6.81,-7.78,-6.58,-6.54,-6.87,-7.29,-7.2,-7.04,-6.14,-4.65,-2.79,-1.49,-0.97,-1.62,-3.06,-3.76,-2.63,-0.54,2.3,4.17,5.48,7.56,10.02,12.13,14.35,16.41,18.42,21.07,23.56,23.48,21.79,21.31,21.4,21.93
11.13,11.15,11.35,11.38,11.37,11.26,11.07,10.93,10.77,10.5,10.22,9.85,9.41,8.97,8.06,6.93,6.19,5.97,5.28,4.17,3.91,3.92,1.73,-3.61,-6.2,-4.76,-4.23,-5.66,-8.2,-9.96,-12.19,-12.53,-12.49,-11.85,-11.51,-12.36,-14.14,-15.75,-15.96,-15.57,-15.39,-16.73,-14.32,-14.04,-14.38,-9.52,-6.11,-4.67,-7.43,-8.29,-8.05,-7.8,-7.91,-8.63,-8.06,-6.86,-4.89,-2.95,-1.87,-1.54,-1.85,-2.82,-3.36,-2.4,-0.35,2.22,4.17,5.53,8.17,10.9,13.15,15.52,17.9,21.6,23.94,22.35,20.69,21.22,20.48,21.35,23.47
10.72,10.64,10.92,10.87,11.18,11.57,12.08,12.64,12.8,12.51,11.99,11.48,10.81,9.9,9.02,8.11,7.15,6.08,4.92,3.73,2.87,2.24,1.51,1.63,1.59,-1.86,-8.18,-11.83,-11.84,-11.78,-11.82,-10.74,-9.6,-9.4,-9.47,-10.07,-12.2,-15.23,-16.96,-15.76,-14.92,-16.01,-14.64,-12.62,-10.01,-10.61,-10.21,-8.56,-6.93,-7.41,-9.24,-7.68,-7.16,-9.26,-8.88,-7.34,-5.08,-3.21,-2.18,-1.5,-1.56,-2.0,-2.3,-1.72,-0.06,1.87,3.42,5.72,8.71,11.32,13.49,16.05,20.89,23.61,22.1,20.47,20.94,19.67,19.19,22.28,22.95
11.01,10.75,10.77,11.0,11.44,12.15,12.91,13.66,14.15,13.99,13.49,12.98,12.41,11.62,10.65,9.46,8.0,6.52,5.19,3.84,2.58,1.3,0.45,-0.47,-1.22,-1.93,-2.03,-1.75,-4.03,-10.62,-15.92,-16.86,-15.62,-13.72,-11.05,-9.22,-9.52,-12.19,-15.43,-17.36,-15.59,-14.36,-15.47,-14.74,-12.94,-8.95,-6.87,-5.98,-5.97,-7.9,-8.95,-9.78,-8.87,-9.62,-9.64,-7.78,-5.5,-3.5,-2.28,-1.65,-1.53,-1.4,-1.08,-0.83,-0.5,0.63,2.81,5.85,8.69,10.34,12.86,18.46,22.04,22.23,20.72,20.49,19.6,17.34,19.51,21.56,21.62
